pid	variable	index	value
857612	temp_uc	0	0.38191777
857612	temp_uc	1	0.36579716
857612	temp_uc	2	0.36836997
857612	temp_uc	3	0.36867443
857612	temp_uc	4	0.36852258
857612	temp_uc	5	0.3688267
857612	temp_uc	263	0.3267804
858053	alt_uc	0	34.12685
858053	alt_uc	1	34.218822
858202	temp_uc	1	0.37201717
858254	temp_uc	0	0.41220596
858254	temp_uc	1	0.4160345
858254	temp_uc	2	0.36849168
858254	temp_uc	3	0.3673908
858254	temp_uc	4	0.36498877
858828	temp_uc	2	0.48984388
858828	temp_uc	3	0.37175018
858828	temp_uc	5	0.47580302
858828	temp_uc	6	0.4824044
858828	temp_uc	7	0.47772318
858828	temp_uc	8	0.45426193
859142	alt_uc	570	9.966262
859617	alt_uc	19	9.123985
859617	alt_uc	20	9.123362
859617	alt_uc	21	9.435677
859617	alt_uc	22	9.121492
859617	alt_uc	23	9.122114
859617	alt_uc	24	9.120869
859617	alt_uc	25	9.120245
859617	alt_uc	26	9.119622
859617	alt_uc	27	9.118997
859617	alt_uc	28	9.118374
859617	alt_uc	35	9.514034
859617	alt_uc	37	8.641273
859617	alt_uc	137	9.050298
859617	alt_uc	138	9.049672
859617	alt_uc	541	10.253892
859982	alt_uc	762	10.931105
859982	alt_uc	763	10.93255
859984	alt_uc	1	22.4661
859984	alt_uc	2	22.470655
859984	alt_uc	178	23.255783
859984	alt_uc	486	24.506802
859984	alt_uc	487	24.51051
859984	alt_uc	502	24.565886
859984	temp_uc	610	0.3812713
859984	temp_uc	611	0.38792405
859984	temp_uc	612	0.44122732
859984	temp_uc	613	0.44441503
859984	temp_uc	614	0.46385416
859984	temp_uc	615	0.4694993
859984	temp_uc	616	0.4982968
859984	temp_uc	617	0.38028264
859984	temp_uc	618	0.38050443
860247	alt_uc	81	18.0742
860937	temp_uc	0	0.96798545
860937	temp_uc	2	0.93587077
861193	temp_uc	426	0.6542843
861193	temp_uc	427	0.7800909
861193	temp_uc	428	0.838813
861193	temp_uc	429	0.8561026
861193	temp_uc	430	0.8600516
861193	temp_uc	431	0.86074215
861193	temp_uc	432	0.8607527
861193	temp_uc	433	0.86066175
861193	temp_uc	434	0.8603789
861193	temp_uc	435	0.8568408
861193	temp_uc	436	0.8483968
861193	temp_uc	437	0.8282804
861193	temp_uc	438	0.75548255
861193	temp_uc	439	0.56582236
861195	alt_uc	728	25.382221
861195	alt_uc	796	25.610619
861195	temp_uc	353	0.36627573
861195	temp_uc	354	0.36966455
861195	temp_uc	355	0.34251413
861195	temp_uc	356	0.3389358
861195	temp_uc	357	0.3327243
861262	alt_uc	62	23.73066
861262	alt_uc	418	25.203701
861262	alt_uc	719	26.153997
862722	alt_uc	375	25.925325
862722	alt_uc	508	26.284845
862722	alt_uc	531	26.339909
862722	alt_uc	688	26.651754
866159	alt_uc	2	20.923717
866159	alt_uc	3	20.929008
866161	alt_uc	20	13.873277
866161	alt_uc	32	13.888349
866161	alt_uc	33	13.889599
866161	temp_uc	349	0.40900874
866161	temp_uc	350	0.44926715
866161	temp_uc	351	0.5513985
866161	temp_uc	352	0.5714778
866161	temp_uc	353	0.5722638
866161	temp_uc	354	0.57082695
866161	temp_uc	355	0.5235473
866377	temp_uc	1	0.42750546
866377	temp_uc	2	0.43050957
866377	temp_uc	4	0.53259426
866377	temp_uc	5	0.5355435
866377	temp_uc	6	0.5024571
866377	temp_uc	7	0.53614235
866377	temp_uc	8	0.5363256
866377	temp_uc	9	0.3463162
867222	temp_uc	686	0.6142101
867222	temp_uc	687	0.61052155
867222	temp_uc	688	0.97316724
867222	temp_uc	689	1.0328438
867222	temp_uc	690	1.012658
867222	temp_uc	691	1.0306779
867222	temp_uc	692	1.0776138
867222	temp_uc	693	0.89842504
867222	temp_uc	694	0.8699033
867222	temp_uc	695	0.58815134
867222	temp_uc	703	0.57846266
867222	temp_uc	704	0.6499875
867222	temp_uc	705	0.64763796
867222	temp_uc	706	0.6393035
867222	temp_uc	707	0.6394447
867222	temp_uc	708	0.6486549
867222	temp_uc	709	0.6767374
867222	temp_uc	710	0.6059461
867222	temp_uc	711	0.7421168
867222	temp_uc	712	0.7500636
867222	temp_uc	713	0.8442181
867222	temp_uc	714	0.8389802
867222	temp_uc	715	0.80869067
867222	temp_uc	716	0.7389966
867222	temp_uc	717	0.7279713
867222	temp_uc	718	0.5309981
867222	theta_v_uc	689	1.2195016
867222	theta_v_uc	691	1.2279805
867222	theta_v_uc	692	1.2817197
867222	rh_uc	688	28.071959
867222	rh_uc	689	27.976593
867222	rh_uc	690	28.309528
867222	rh_uc	691	28.538706
867222	rh_uc	692	28.9656
867568	temp_uc	8	0.57262105
867568	temp_uc	9	0.5798907
867568	temp_uc	11	0.5490329
867568	temp_uc	12	0.49075663
867568	temp_uc	13	0.4830431
867568	temp_uc	14	0.5719034
867568	temp_uc	15	0.57783985
867900	temp_uc	1	0.37525156
867900	temp_uc	2	0.37827295
867900	temp_uc	4	0.44400075
867900	temp_uc	6	0.4730219
867900	temp_uc	7	0.47648367
867900	temp_uc	8	0.472044
867900	temp_uc	9	0.45720974
868027	temp_uc	2	0.3486119
868027	temp_uc	4	0.38541076
868027	temp_uc	9	0.39220214
868027	temp_uc	10	0.35878208
868027	temp_uc	11	0.3633967
868027	temp_uc	12	0.38712186
868027	temp_uc	13	0.39277986
868029	temp_uc	3	0.88546425
868029	temp_uc	4	0.90852654
868029	temp_uc	5	0.87044704
868031	temp_uc	4	0.4506062
868031	temp_uc	9	0.47753152
868031	temp_uc	10	0.4682426
869396	temp_uc	293	0.6762052
869396	temp_uc	294	0.74720263
869396	temp_uc	295	0.76832116
869396	temp_uc	296	0.77541775
869396	temp_uc	297	0.77803123
869396	temp_uc	298	0.7775006
869396	temp_uc	299	0.7654409
869396	temp_uc	300	0.73391855
869396	temp_uc	301	0.70782167
869396	temp_uc	302	0.6749979
868849	alt_uc	98	11.643822
868849	alt_uc	301	11.958906
868851	temp_uc	1	0.33415583
868851	temp_uc	3	0.33443487
868851	temp_uc	4	0.3435343
868853	alt_uc	71	11.982719
868853	alt_uc	74	11.986761
869112	temp_uc	1	0.3913029
869112	temp_uc	2	0.3877408
869112	temp_uc	4	0.38594776
869112	temp_uc	6	0.3829121
869544	temp_uc	227	0.3847606
869544	temp_uc	228	0.56046164
869544	temp_uc	229	0.55711234
869544	temp_uc	230	0.57812715
869544	temp_uc	231	0.5938645
869544	temp_uc	232	0.5768354
869544	temp_uc	233	0.5774692
869544	temp_uc	234	0.5358494
870145	temp_uc	0	0.38500443
870145	temp_uc	1	0.44034094
870145	temp_uc	2	0.4386826
870145	temp_uc	3	0.43993965
870145	temp_uc	4	0.4381073
870145	temp_uc	5	0.40329847
870192	temp_uc	140	0.38008416
870192	temp_uc	141	0.39662698
870192	temp_uc	142	0.46395066
870192	temp_uc	143	0.47815466
870192	temp_uc	144	0.4957823
870192	temp_uc	145	0.50163686
870192	temp_uc	146	0.46335664
873193	alt_uc	15	22.49654
873193	alt_uc	16	22.502586
874389	temp_uc	0	0.38884908
874389	temp_uc	1	0.44154912
874389	temp_uc	2	0.4099353
874389	temp_uc	3	0.40568975
874389	temp_uc	4	0.39946815
875246	temp_uc	3	0.57538116
875246	temp_uc	4	0.47948635
875246	temp_uc	5	0.65255314
875246	temp_uc	6	0.47049308
875246	temp_uc	7	0.6607907
875246	temp_uc	8	0.6607559
875246	temp_uc	9	0.64868194
875246	temp_uc	10	0.4321331
875324	temp_uc	1	0.3858956
875324	temp_uc	2	0.40029463
875324	temp_uc	4	0.3855841
875564	temp_uc	153	0.36635
875564	temp_uc	154	0.41270643
875564	temp_uc	155	0.41430506
875564	temp_uc	156	0.41417018
875564	temp_uc	157	0.40902114
875564	temp_uc	158	0.3578718
875598	temp_uc	161	0.3714609
875598	temp_uc	162	0.4235593
875598	temp_uc	163	0.40375906
875598	temp_uc	164	0.41399467
875598	temp_uc	165	0.3983982
875598	temp_uc	166	0.3982079
875598	temp_uc	167	0.39868563
876042	temp_uc	0	1.0645639
876042	temp_uc	2	0.97902036
876042	temp_uc	5	0.91472256
876042	temp_uc	7	0.9024525
876042	temp_uc	8	0.8959274
876179	temp_uc	1	0.5121085
876179	temp_uc	2	0.493846
876179	temp_uc	3	0.4397009
876179	temp_uc	4	0.50670326
876179	temp_uc	5	0.5062463
876179	temp_uc	6	0.4579702
876179	temp_uc	7	0.50300264
876639	alt_uc	8	11.822675
876639	alt_uc	36	21.742598
876639	alt_uc	90	11.550667
876641	alt_uc	6	9.941694
876641	alt_uc	7	9.940535
876641	alt_uc	8	11.481182
876641	alt_uc	11	9.935898
876641	alt_uc	12	11.475537
876641	alt_uc	264	9.637537
876641	alt_uc	754	9.760846
876864	alt_uc	11	11.394256
876866	alt_uc	19	22.380903
876866	alt_uc	38	13.716724
876866	alt_uc	40	14.710165
876866	alt_uc	69	9.590438
876866	alt_uc	70	9.589238
876866	alt_uc	194	9.4401655
876866	alt_uc	225	9.402793
877590	temp_uc	0	0.37862864
877590	temp_uc	1	0.35720438
877590	temp_uc	2	0.3539988
877590	temp_uc	3	0.35805035
877590	temp_uc	4	0.35785654
877590	temp_uc	5	0.35619244
878588	temp_uc	1	0.4050353
878588	temp_uc	2	0.42975342
878588	temp_uc	3	0.36707404
878588	temp_uc	4	0.45067778
878588	temp_uc	5	0.4382941
878588	temp_uc	6	0.44956192
878588	temp_uc	7	0.4284073
878588	temp_uc	8	0.3554266
878738	alt_uc	13	9.096814
878738	alt_uc	14	9.095492
878738	alt_uc	21	11.6034155
879601	alt_uc	35	8.430948
879601	alt_uc	124	8.138225
879601	alt_uc	125	8.137587
879601	alt_uc	218	8.287156
879601	alt_uc	219	8.2863455
879601	alt_uc	268	8.246365
879601	alt_uc	269	8.245543
879857	alt_uc	0	19.661182
879857	alt_uc	1	19.650229
879857	alt_uc	2	19.644754
879857	temp_uc	3	0.43403882
879857	temp_uc	4	0.3887824
879857	temp_uc	5	0.44464588
879857	temp_uc	7	0.44534832
879857	temp_uc	9	0.44242612
880237	temp_uc	0	0.36566472
880408	temp_uc	1	0.45887673
880408	temp_uc	2	0.4587537
880408	temp_uc	5	0.45753887
880478	temp_uc	342	0.68040305
880478	temp_uc	343	0.70655143
880478	temp_uc	344	0.68906057
880478	temp_uc	345	0.68840885
880478	temp_uc	346	0.69036466
880478	theta_v_uc	335	1.1906171
880478	theta_v_uc	336	1.1548762
880478	theta_v_uc	338	1.1307969
880478	theta_v_uc	339	1.1659672
880478	theta_v_uc	340	1.162384
880478	theta_v_uc	341	1.2135605
880478	theta_v_uc	342	0.95588404
880478	theta_v_uc	343	0.9407912
880478	theta_v_uc	345	1.3008711
881206	temp_uc	8	0.43461323
881206	temp_uc	13	0.4227201
881206	temp_uc	15	0.44081083
881206	temp_uc	18	0.38339147
881206	temp_uc	20	0.43142188
882221	temp_uc	0	0.4515233
882221	temp_uc	1	0.53130525
882221	temp_uc	2	0.4850036
882221	temp_uc	3	0.4833488
882221	temp_uc	4	0.47880632
882815	alt_uc	2	30.37001
883527	temp_uc	177	0.50231713
883527	temp_uc	178	0.5250356
883527	temp_uc	179	0.5267216
883527	temp_uc	180	0.52678984
883527	temp_uc	181	0.5280441
883527	temp_uc	182	0.50916827
884095	temp_uc	1	0.46876076
884095	temp_uc	2	0.4644143
884095	temp_uc	3	0.4636703
884095	temp_uc	4	0.4636046
884095	temp_uc	5	0.40521237
884221	alt_uc	36	30.641117
884221	alt_uc	37	12.461733
884221	alt_uc	38	64.77925
884221	alt_uc	40	18.266289
884221	alt_uc	41	17.067225
884221	alt_uc	42	18.261301
884221	alt_uc	43	16.455797
884221	alt_uc	44	16.451315
884221	alt_uc	45	12.324278
884307	alt_uc	662	11.427731
884307	alt_uc	663	11.428872
884529	alt_uc	67	10.0169
884529	alt_uc	68	10.0172825
884529	alt_uc	69	10.017665
884529	alt_uc	70	10.018046
884529	alt_uc	107	10.359298
884529	alt_uc	152	10.045886
884529	alt_uc	153	10.046184
884529	alt_uc	465	10.083004
884529	alt_uc	466	10.082922
884529	alt_uc	590	10.062142
884529	alt_uc	607	10.744127
884529	alt_uc	629	10.758492
884529	alt_uc	630	10.759137
884529	alt_uc	647	10.770019
884529	alt_uc	652	10.043328
884529	alt_uc	658	10.041199
884529	alt_uc	675	10.787554
884529	alt_uc	676	10.788169
884529	alt_uc	682	10.791851
884529	alt_uc	701	10.80337
884529	alt_uc	707	10.80697
884529	alt_uc	744	10.828597
884529	alt_uc	749	10.831457
884529	alt_uc	751	10.832599
886728	temp_uc	2	0.43675008
887217	temp_uc	2	0.47363263
887217	temp_uc	3	0.42527395
887217	temp_uc	7	0.47352836
887217	temp_uc	8	0.47585577
887217	temp_uc	9	0.46175694
888220	temp_uc	1	0.39474383
888220	temp_uc	2	0.3555062
888220	temp_uc	4	0.3876718
888220	temp_uc	6	0.3921848
888220	temp_uc	8	0.35198706
888297	alt_uc	1	11.294432
888297	alt_uc	89	8.000141
888297	alt_uc	112	8.014721
888297	alt_uc	113	8.015357
888297	alt_uc	114	8.015992
888297	alt_uc	183	8.060235
888297	alt_uc	184	8.060882
888297	alt_uc	223	8.0862255
888297	alt_uc	224	8.086879
888297	alt_uc	225	8.087531
888297	alt_uc	226	8.088184
888297	alt_uc	227	8.088837
888297	alt_uc	228	8.089491
888297	alt_uc	232	8.980025
888297	alt_uc	235	8.094071
888297	alt_uc	240	8.972954
888297	alt_uc	243	8.099315
888297	alt_uc	247	8.966771
888297	alt_uc	250	8.103913
888297	alt_uc	257	8.1085205
888297	alt_uc	260	8.110497
888297	alt_uc	261	8.111158
888297	alt_uc	265	8.113795
888297	alt_uc	266	8.114456
888297	alt_uc	267	8.115116
888297	alt_uc	268	8.115776
888297	alt_uc	274	8.1197405
888297	alt_uc	276	8.941231
888297	alt_uc	288	8.129015
888297	alt_uc	289	8.129679
888297	alt_uc	291	8.131008
888297	alt_uc	317	8.905337
888297	alt_uc	320	8.150343
888297	alt_uc	329	8.8948765
888297	alt_uc	330	8.157045
888297	alt_uc	331	8.157719
888297	alt_uc	353	8.8740225
888297	alt_uc	358	8.175903
888297	alt_uc	359	8.868825
888297	alt_uc	362	8.866228
888297	alt_uc	364	8.179961
888297	alt_uc	366	8.181314
888297	alt_uc	374	8.205104
888297	alt_uc	377	8.188777
888297	alt_uc	378	8.189456
888297	alt_uc	381	8.191496
888297	alt_uc	382	8.192176
888297	alt_uc	389	8.196942
888297	alt_uc	390	8.842054
888297	alt_uc	391	8.841193
888297	alt_uc	408	8.82657
888297	alt_uc	410	8.824853
888297	alt_uc	411	8.823994
888297	alt_uc	439	8.231252
888297	alt_uc	462	8.247198
888297	alt_uc	463	8.247894
888297	alt_uc	484	8.761719
888297	alt_uc	485	8.760871
888297	alt_uc	506	8.277989
888297	alt_uc	507	8.278694
888297	alt_uc	508	8.279399
888297	alt_uc	509	8.280104
888297	alt_uc	517	8.733816
888297	alt_uc	518	8.286452
888297	alt_uc	519	8.73213
888297	alt_uc	521	8.730445
888297	alt_uc	536	8.299207
888297	alt_uc	540	8.302049
888297	alt_uc	567	8.321321
888297	alt_uc	568	8.691004
888297	alt_uc	642	8.3756485
888297	alt_uc	653	8.383718
888297	alt_uc	681	8.404382
888297	alt_uc	704	8.421488
888297	alt_uc	707	8.423726
888297	alt_uc	714	8.428966
888297	alt_uc	717	8.431211
888297	alt_uc	721	8.434214
888297	alt_uc	722	8.434963
888297	alt_uc	724	8.436466
888297	alt_uc	730	8.440976
888297	alt_uc	732	8.442482
888297	alt_uc	733	8.443234
888297	alt_uc	734	8.443988
888297	alt_uc	735	8.444742
888297	alt_uc	736	8.445496
888297	alt_uc	739	8.447761
888297	alt_uc	741	8.449269
888297	alt_uc	743	8.450781
888297	alt_uc	746	8.453051
888297	alt_uc	747	8.543863
888297	alt_uc	750	8.456079
888297	alt_uc	751	8.456835
888297	alt_uc	756	8.460624
888297	alt_uc	757	8.461382
888297	alt_uc	758	8.462142
888297	alt_uc	759	8.462901
888297	alt_uc	760	8.46366
888297	alt_uc	766	8.468223
888297	alt_uc	769	8.470508
888297	alt_uc	772	8.472795
888297	alt_uc	774	8.474319
888299	alt_uc	0	23.60124
888299	alt_uc	1	8.526697
888299	alt_uc	2	8.197426
888299	alt_uc	3	7.401176
888299	alt_uc	5	7.400274
888299	alt_uc	8	6.809042
888299	alt_uc	10	6.8092217
888299	alt_uc	11	7.3975706
888299	alt_uc	12	7.5616865
888299	alt_uc	14	7.396218
888299	alt_uc	15	7.3957677
888299	alt_uc	16	9.342353
888299	alt_uc	17	9.342824
888299	alt_uc	92	6.593701
888299	alt_uc	93	6.5936337
888299	alt_uc	115	7.350967
888299	alt_uc	116	7.350521
888299	alt_uc	117	7.3500757
888299	alt_uc	118	7.3496294
888299	alt_uc	119	7.3491845
888299	alt_uc	120	7.34874
888299	alt_uc	121	7.3482943
888299	alt_uc	122	7.3478494
888299	alt_uc	123	7.347404
888299	alt_uc	124	7.3469586
888299	alt_uc	125	7.3465137
888299	alt_uc	126	7.3460693
888299	alt_uc	127	7.345625
888299	alt_uc	128	7.3451796
888299	alt_uc	129	7.3447347
888299	alt_uc	130	7.34429
888299	alt_uc	131	7.343845
888299	alt_uc	132	7.3434005
888299	alt_uc	133	7.342956
888299	alt_uc	134	7.3425117
888299	alt_uc	135	7.3420672
888299	alt_uc	136	7.3416224
888299	alt_uc	137	7.341179
888299	alt_uc	138	7.340734
888299	alt_uc	139	7.3402896
888299	alt_uc	140	7.339845
888299	alt_uc	141	7.339401
888299	alt_uc	142	7.338957
888299	alt_uc	143	7.3385124
888299	alt_uc	144	7.3380685
888299	alt_uc	145	7.3376245
888299	alt_uc	146	7.3371806
888299	alt_uc	147	7.336736
888299	alt_uc	148	7.336293
888299	alt_uc	149	7.3358493
888299	alt_uc	150	7.3354053
888299	alt_uc	151	7.3349624
888299	alt_uc	152	7.3345184
888299	alt_uc	153	7.334075
888299	alt_uc	154	7.3336315
888299	alt_uc	155	7.333188
888299	alt_uc	156	7.332745
888299	alt_uc	157	7.3323016
888299	alt_uc	158	7.331858
888299	alt_uc	159	7.331415
888299	alt_uc	160	7.330972
888299	alt_uc	161	7.3305287
888299	alt_uc	162	7.3300858
888299	alt_uc	163	7.329643
888299	alt_uc	164	7.3292003
888299	alt_uc	165	7.328758
888299	alt_uc	166	7.3283143
888299	alt_uc	167	7.327872
888299	alt_uc	168	7.3274293
888299	alt_uc	169	7.3269863
888299	alt_uc	170	7.3265443
888299	alt_uc	171	7.3261013
888299	alt_uc	172	7.325659
888299	alt_uc	174	7.324774
888299	alt_uc	176	7.3238893
888299	alt_uc	177	7.323447
888299	alt_uc	229	6.590281
888299	alt_uc	230	6.584249
888299	alt_uc	306	7.2668676
888299	alt_uc	307	7.266433
888299	alt_uc	647	6.5635533
888299	alt_uc	648	6.5639505
888299	alt_uc	649	6.564348
888299	alt_uc	656	6.5671334
888299	alt_uc	660	6.568728
888299	alt_uc	661	6.5691266
888299	alt_uc	662	6.5695252
888299	alt_uc	664	6.5703235
888299	alt_uc	665	6.5707226
888299	alt_uc	666	6.571122
888299	alt_uc	668	6.5719213
888299	alt_uc	672	6.5735207
888299	alt_uc	673	6.5739207
888299	alt_uc	674	6.574321
888299	alt_uc	675	6.574722
888299	alt_uc	677	6.575523
888299	alt_uc	678	6.5759234
888299	alt_uc	679	6.5763245
888299	alt_uc	680	6.5767255
888299	alt_uc	681	6.577126
888299	alt_uc	682	6.5775285
888299	alt_uc	683	6.5779295
888299	alt_uc	685	6.5787325
888299	alt_uc	686	6.579134
888299	alt_uc	687	6.5795355
888299	alt_uc	688	6.579938
888299	alt_uc	691	8.19029
888299	alt_uc	692	6.5815463
888299	alt_uc	693	6.5819488
889268	temp_uc	234	0.42175448
889268	temp_uc	235	0.41993144
889268	temp_uc	237	0.42051014
889722	temp_uc	182	0.5062102
889722	temp_uc	183	0.532643
889722	temp_uc	184	0.60183954
889722	temp_uc	185	0.5798335
889722	temp_uc	186	0.5726717
889722	temp_uc	187	0.55699486
889722	temp_uc	188	0.54386425
890405	alt_uc	40	52.373688
890405	alt_uc	43	52.310356
890405	alt_uc	44	52.946373
890405	alt_uc	45	61.092697
890663	alt_uc	0	12.853423
890663	alt_uc	1	12.850217
890663	alt_uc	4	12.851816
890899	alt_uc	1	38.13366
890899	temp_uc	337	0.74841034
890899	temp_uc	338	0.9436683
890899	temp_uc	339	0.9346558
890899	temp_uc	340	0.98727167
890899	temp_uc	341	0.9763757
890899	temp_uc	342	0.9602658
890899	temp_uc	343	0.8246748
890899	temp_uc	344	0.75341475
891415	alt_uc	824	16.928028
891493	alt_uc	673	9.832982
891493	alt_uc	674	9.83443
891688	temp_uc	198	0.43406945
891688	temp_uc	199	0.4382396
891688	temp_uc	200	0.46632046
891688	temp_uc	201	0.4833036
891688	temp_uc	202	0.48324355
891688	temp_uc	203	0.5213392
891688	temp_uc	204	0.510291
891688	temp_uc	205	0.45155752
891688	temp_uc	206	0.47286406
891688	temp_uc	207	0.44094324
891688	temp_uc	208	0.38346633
891688	temp_uc	209	0.4051371
891688	temp_uc	215	0.38736624
891688	temp_uc	216	0.3816391
892548	alt_uc	676	11.194281
892799	alt_uc	36	34.91135
892799	alt_uc	37	24.3251
892799	alt_uc	38	21.38321
892799	alt_uc	39	27.933071
892799	alt_uc	40	27.939585
892799	alt_uc	41	27.946106
892799	alt_uc	42	55.182808
892799	alt_uc	79	28.19276
892799	alt_uc	80	28.199217
892799	alt_uc	81	28.205662
892799	alt_uc	86	28.23792
892799	alt_uc	87	28.24437
892799	alt_uc	88	28.250809
892799	alt_uc	89	28.257252
892799	alt_uc	90	28.263685
892799	alt_uc	91	28.270119
892799	alt_uc	92	28.27655
892799	alt_uc	101	28.334421
892799	alt_uc	102	28.340834
892799	alt_uc	109	28.385702
892799	alt_uc	110	21.415413
892979	alt_uc	83	31.051662
892979	alt_uc	84	31.056446
893948	alt_uc	44	26.007803
893948	alt_uc	45	17.755945
893948	alt_uc	46	17.753273
894390	alt_uc	34	19.644997
894390	temp_uc	112	0.4375
894390	temp_uc	113	0.4572402
894390	temp_uc	114	0.47290707
894390	temp_uc	115	0.5108453
894390	temp_uc	116	0.50926465
894390	temp_uc	117	0.48398882
894390	temp_uc	118	0.47134808
895153	alt_uc	49	14.250369
895153	alt_uc	51	14.245
895153	alt_uc	52	14.239634
895153	alt_uc	53	11.632134
895153	alt_uc	54	11.630746
895153	alt_uc	55	14.2235565
895247	alt_uc	236	12.369238
895247	alt_uc	237	12.370222
895247	alt_uc	238	12.371205
897008	temp_uc	0	0.52033246
897008	temp_uc	1	0.53581643
897998	alt_uc	0	63.854107
898067	alt_uc	0	12.854974
898067	alt_uc	2	12.8470955
898067	alt_uc	4	12.843155
898067	alt_uc	5	10.82953
898067	alt_uc	6	12.841186
898067	alt_uc	7	10.826275
898067	alt_uc	8	10.827902
898067	alt_uc	9	12.839214
898067	alt_uc	16	12.75699
898067	alt_uc	43	10.756488
898067	alt_uc	44	10.754847
898067	alt_uc	262	10.397511
898067	alt_uc	354	10.247372
898067	alt_uc	430	10.124018
898653	alt_uc	38	20.963093
898653	alt_uc	39	20.989773
898854	temp_uc	0	0.45779377
898854	temp_uc	1	0.44632754
898976	alt_uc	1	19.367191
898976	alt_uc	2	19.36261
898976	alt_uc	3	19.358032
898976	alt_uc	6	45.314915
898976	temp_uc	1	0.37544596
898976	temp_uc	2	0.37462264
898976	temp_uc	3	0.40226355
898976	temp_uc	4	0.40170306
898976	temp_uc	5	0.39180008
898976	temp_uc	7	0.39065808
898976	temp_uc	8	0.3886842
899323	alt_uc	24	11.643623
899323	alt_uc	25	8.7860565
899323	alt_uc	30	11.645545
899323	alt_uc	31	11.645815
899323	alt_uc	33	17.989658
899323	alt_uc	38	11.647671
899323	alt_uc	39	17.853807
899323	alt_uc	52	11.650947
899323	alt_uc	136	11.667666
899323	alt_uc	541	11.635111
899323	alt_uc	563	8.514294
899323	alt_uc	570	8.519323
899323	alt_uc	607	8.545559
899323	alt_uc	660	8.5820055
899323	alt_uc	664	8.584698
899323	alt_uc	680	8.59539
899323	alt_uc	688	8.600694
899535	alt_uc	0	105.8359
899535	alt_uc	1	105.661095
899535	alt_uc	2	105.74842
899535	alt_uc	74	11.010948
899595	alt_uc	0	11.886402
899595	alt_uc	1	11.886845
899657	alt_uc	1	14.16275
899657	alt_uc	2	14.154047
900320	alt_uc	21	45.54851
900320	alt_uc	26	45.54917
900403	temp_uc	263	0.405693
900403	temp_uc	264	0.41811043
900403	temp_uc	265	0.44773233
900403	temp_uc	266	0.43076983
900403	temp_uc	267	0.42893124
900403	temp_uc	268	0.4241146
900403	temp_uc	269	0.41020977
901534	alt_uc	798	24.574331
901575	alt_uc	584	21.142538
901623	temp_uc	115	0.37924114
901623	temp_uc	116	0.39494368
901623	temp_uc	117	0.39975446
901623	temp_uc	118	0.4351259
901623	temp_uc	119	0.40641293
901623	temp_uc	120	0.38317806
901623	temp_uc	121	0.38104498
901741	temp_uc	126	0.39644605
901741	temp_uc	127	0.37805906
901741	temp_uc	129	0.37598246
901741	temp_uc	130	0.37121034
901741	temp_uc	131	0.36934522
901942	alt_uc	1	64.11106
901942	alt_uc	2	64.067184
901942	alt_uc	3	64.08914
901942	alt_uc	4	64.13289
901942	alt_uc	5	64.15469
901942	alt_uc	6	64.04516
901942	alt_uc	16	59.634407
902047	alt_uc	0	65.919525
902047	alt_uc	1	65.86986
902047	alt_uc	2	65.88648
902047	alt_uc	4	65.853165
902047	alt_uc	5	65.83639
902047	alt_uc	6	65.90302
902047	alt_uc	10	65.81953
902047	alt_uc	16	65.75142
902047	alt_uc	17	65.802574
902047	alt_uc	19	65.768524
902047	alt_uc	20	65.68221
902047	alt_uc	21	65.73422
902047	alt_uc	22	65.78557
902047	alt_uc	23	65.66473
902047	alt_uc	24	65.71693
902047	alt_uc	26	65.69957
902160	alt_uc	0	128.74309
902160	alt_uc	1	129.33804
902160	alt_uc	2	129.03984
902811	temp_uc	250	0.36307847
902811	temp_uc	251	0.39397445
902811	temp_uc	252	0.39943302
902811	temp_uc	253	0.39993435
902811	temp_uc	254	0.3915958
903621	alt_uc	354	10.610256
903621	alt_uc	450	10.643618
903621	alt_uc	552	10.662806
903715	temp_uc	1	0.37519458
904035	temp_uc	177	0.3924031
904035	temp_uc	178	0.43998682
904035	temp_uc	179	0.44146407
904035	temp_uc	180	0.43976402
904035	temp_uc	181	0.41502976
904077	temp_uc	1	0.4169703
904077	temp_uc	3	0.41559398
904077	temp_uc	5	0.41224578
904117	alt_uc	0	50.2433
904117	alt_uc	1	50.13987
904117	alt_uc	2	50.191525
904292	temp_uc	1	0.37471306
904292	temp_uc	2	0.35800081
904292	temp_uc	6	0.35749847
904354	temp_uc	2	0.36701763
904354	temp_uc	3	0.36741322
904991	temp_uc	0	0.9887595
904991	temp_uc	1	0.9831963
904991	temp_uc	2	0.96771383
904991	temp_uc	3	0.9259909
905037	alt_uc	0	9.751944
905037	alt_uc	1	18.318449
905037	alt_uc	2	8.876052
905037	alt_uc	3	8.87556
905037	alt_uc	39	8.857792
905037	alt_uc	45	8.854819
905037	alt_uc	46	8.854325
905037	alt_uc	47	8.853829
905037	alt_uc	53	8.850853
905037	alt_uc	54	8.850356
905037	alt_uc	55	8.84986
905037	alt_uc	56	8.849362
905037	alt_uc	58	8.848369
905037	alt_uc	65	8.844891
905037	alt_uc	66	8.844394
905037	alt_uc	72	8.841411
905037	alt_uc	97	8.828939
905037	alt_uc	101	8.826938
905037	alt_uc	116	8.819422
905037	alt_uc	127	8.8139
905037	alt_uc	140	8.8073635
905037	alt_uc	161	8.796778
905037	alt_uc	193	8.780595
905037	alt_uc	210	8.771977
905037	alt_uc	235	9.387935
905037	alt_uc	260	8.7465315
905037	alt_uc	261	8.74602
905037	alt_uc	263	8.744999
905037	alt_uc	264	9.362832
905037	alt_uc	297	8.727601
905037	alt_uc	300	8.726062
905037	alt_uc	301	9.331045
905037	alt_uc	302	8.725036
905037	alt_uc	305	8.723495
905037	alt_uc	312	9.321646
905037	alt_uc	336	9.301213
905037	alt_uc	364	9.277511
905037	alt_uc	384	9.260666
905037	alt_uc	458	9.198982
905037	alt_uc	476	9.184129
905037	alt_uc	496	9.167694
905037	alt_uc	511	9.1554165
905037	alt_uc	539	9.1326
905037	alt_uc	548	9.125295
905037	alt_uc	554	9.12043
905037	alt_uc	569	9.108294
905037	alt_uc	580	9.099423
905037	alt_uc	583	9.09701
905037	alt_uc	590	9.091378
905037	alt_uc	600	9.08335
905037	alt_uc	616	9.070546
905037	alt_uc	617	9.069746
905037	alt_uc	635	9.055382
905037	alt_uc	639	9.052197
905037	alt_uc	676	9.022852
905037	alt_uc	678	9.021271
905037	alt_uc	711	8.995274
905037	alt_uc	727	8.982729
905037	alt_uc	747	8.967096
905037	alt_uc	764	8.953857
905082	alt_uc	8	10.633598
905082	alt_uc	58	10.657648
905082	alt_uc	59	10.658119
905082	alt_uc	193	10.795678
905084	alt_uc	0	19.863987
905084	alt_uc	1	8.749817
905084	alt_uc	2	8.749305
905084	alt_uc	10	8.7452135
905084	alt_uc	11	8.744701
905084	alt_uc	25	8.737527
905084	alt_uc	26	8.737014
905084	alt_uc	41	9.338966
905084	alt_uc	45	19.398474
905084	alt_uc	46	9.334669
905084	alt_uc	47	9.33381
905084	alt_uc	53	9.32866
905084	alt_uc	56	8.721596
905084	alt_uc	57	8.72108
905084	alt_uc	58	8.720564
905084	alt_uc	59	9.323516
905084	alt_uc	71	9.3132515
905084	alt_uc	82	9.3038645
905084	alt_uc	83	9.303014
905084	alt_uc	91	9.408261
905084	alt_uc	97	9.291104
905084	alt_uc	121	9.270762
905084	alt_uc	122	9.2699175
905084	alt_uc	128	9.26485
905084	alt_uc	134	9.2597885
905084	alt_uc	158	9.239602
905084	alt_uc	173	9.227039
905084	alt_uc	197	9.207027
905084	alt_uc	198	9.206196
905084	alt_uc	208	9.197892
905084	alt_uc	226	9.18299
905084	alt_uc	247	9.165682
905084	alt_uc	258	9.15665
905084	alt_uc	259	9.155828
905084	alt_uc	260	9.155009
905084	alt_uc	264	9.1517315
905084	alt_uc	265	9.150913
905084	alt_uc	340	9.089954
905084	alt_uc	341	9.089148
905084	alt_uc	344	9.086729
905084	alt_uc	345	9.085924
905084	alt_uc	346	9.085117
905084	alt_uc	350	9.081895
905084	alt_uc	364	9.070641
905084	alt_uc	368	9.067432
905084	alt_uc	370	9.065828
905084	alt_uc	376	9.061021
905084	alt_uc	380	9.057818
905084	alt_uc	384	9.054621
905084	alt_uc	385	9.053822
905084	alt_uc	389	9.050626
905084	alt_uc	401	7.75171
905084	alt_uc	414	9.030709
905084	alt_uc	427	9.020391
905084	alt_uc	444	9.006938
905084	alt_uc	467	7.789565
905084	alt_uc	482	8.977044
905084	alt_uc	488	7.801721
905084	alt_uc	516	8.950483
905084	alt_uc	520	8.947368
905084	alt_uc	528	7.8250384
905084	alt_uc	553	7.839719
905084	alt_uc	572	7.8509264
905084	alt_uc	583	7.8574367
905084	alt_uc	603	8.883347
905084	alt_uc	628	8.864281
905084	alt_uc	632	8.861239
905084	alt_uc	664	8.836987
905084	alt_uc	678	8.826423
905084	alt_uc	686	7.91919
905136	alt_uc	0	9.502721
905136	alt_uc	1	9.037972
905136	alt_uc	2	9.038654
905136	alt_uc	3	9.038313
905136	alt_uc	4	8.235422
905136	alt_uc	5	8.2374
905136	alt_uc	6	8.473116
905136	alt_uc	8	8.235817
905136	alt_uc	22	7.7794766
905136	alt_uc	39	7.4184513
905136	alt_uc	40	7.4189916
905136	alt_uc	43	7.635799
905136	alt_uc	46	7.771783
905136	alt_uc	47	7.6341534
905136	alt_uc	58	7.6296206
905136	alt_uc	59	7.629208
905136	alt_uc	62	7.6279726
905136	alt_uc	63	7.627559
905136	alt_uc	64	7.6271467
905136	alt_uc	68	7.625498
905136	alt_uc	70	7.624674
905136	alt_uc	76	7.6221986
905136	alt_uc	77	7.6217866
905136	alt_uc	86	7.6180725
905136	alt_uc	97	7.6135297
905136	alt_uc	192	7.576102
905136	alt_uc	212	7.567784
905136	alt_uc	219	7.701773
905136	alt_uc	220	7.702232
905136	alt_uc	224	7.56279
905136	alt_uc	225	7.5604906
905136	alt_uc	227	7.559661
905136	alt_uc	228	7.5592456
905136	alt_uc	233	7.557168
905136	alt_uc	240	7.5542603
905136	alt_uc	241	7.553844
905136	alt_uc	243	7.553014
905136	alt_uc	244	7.552597
905136	alt_uc	245	7.552182
905136	alt_uc	257	7.547197
905136	alt_uc	258	7.546781
905136	alt_uc	260	7.5459495
905136	alt_uc	261	7.5455346
905136	alt_uc	262	7.539484
905136	alt_uc	277	7.547644
905136	alt_uc	281	7.5372176
905136	alt_uc	286	7.552542
905136	alt_uc	301	7.5288944
905136	alt_uc	310	7.5656
905136	alt_uc	311	7.566144
905136	alt_uc	393	7.492291
905136	alt_uc	429	7.4772673
905136	alt_uc	431	7.4764323
905136	alt_uc	471	7.653118
905136	alt_uc	472	7.6536603
905136	alt_uc	508	7.442722
905136	alt_uc	545	7.427342
905136	alt_uc	577	7.710562
905245	alt_uc	0	8.987504
905245	alt_uc	1	7.5502877
905245	alt_uc	2	7.5519514
905245	alt_uc	3	7.5523667
905245	alt_uc	4	7.5511193
905245	alt_uc	5	7.5490413
905245	alt_uc	6	7.547581
905245	alt_uc	7	7.549872
905245	alt_uc	8	7.5515356
905245	alt_uc	9	7.5507035
905245	alt_uc	14	7.5450897
905245	alt_uc	25	7.540519
905245	alt_uc	32	7.5466123
905245	alt_uc	33	7.547155
905245	alt_uc	40	7.6937213
905245	alt_uc	51	8.763631
905245	alt_uc	52	8.763325
905245	alt_uc	53	7.9204297
905245	alt_uc	54	7.9191356
905245	alt_uc	89	7.51572
905245	alt_uc	90	7.515303
905245	alt_uc	91	7.514886
905245	alt_uc	92	7.514469
905245	alt_uc	93	7.512264
905245	alt_uc	199	7.469807
905245	alt_uc	207	7.641723
905245	alt_uc	244	7.6617856
905245	alt_uc	263	7.6720824
905245	alt_uc	286	7.431923
905245	alt_uc	339	7.40991
905245	alt_uc	340	7.409495
905245	alt_uc	416	7.754637
905245	alt_uc	417	10.719171
905245	alt_uc	425	7.3742356
905245	alt_uc	426	7.3738213
905245	alt_uc	504	7.938181
905245	alt_uc	518	7.9442825
905245	alt_uc	519	7.8097396
905245	alt_uc	544	7.326483
905245	alt_uc	560	7.319887
905245	alt_uc	561	7.3194747
905245	alt_uc	581	8.520008
905245	alt_uc	635	7.2890377
905245	alt_uc	636	7.288628
905245	alt_uc	686	7.268147
905245	alt_uc	701	8.022814
905245	alt_uc	728	7.2509995
905245	alt_uc	733	7.24896
905245	alt_uc	747	7.2432547
905299	alt_uc	0	7.8507285
905299	alt_uc	1	8.947488
905299	alt_uc	2	8.949447
905299	alt_uc	3	8.946508
905299	alt_uc	4	8.948467
905299	alt_uc	5	7.4473186
905299	alt_uc	6	17.930153
905299	alt_uc	7	7.4485583
905299	alt_uc	30	6.925039
905299	alt_uc	31	6.9251432
905299	alt_uc	78	6.6442256
905299	alt_uc	79	6.6441903
905299	alt_uc	115	7.720569
905299	alt_uc	116	7.7211084
905299	alt_uc	139	6.641981
905299	alt_uc	140	6.6419435
905299	alt_uc	163	7.3821583
905299	alt_uc	169	7.379669
905299	alt_uc	170	7.379255
905299	alt_uc	287	6.6357684
905299	alt_uc	288	6.686271
905299	alt_uc	315	7.3207245
905299	alt_uc	342	7.309598
905299	alt_uc	393	6.677041
905299	alt_uc	401	6.6763206
905299	alt_uc	463	8.021649
905299	alt_uc	476	8.027123
905299	alt_uc	477	8.027544
905299	alt_uc	492	8.033845
905299	alt_uc	541	6.6633534
905299	alt_uc	542	6.6632586
905299	alt_uc	595	6.658169
905299	alt_uc	596	6.658072
905299	alt_uc	612	6.6565166
905299	alt_uc	646	8.097459
905299	alt_uc	711	6.6466923
905299	alt_uc	712	6.6465907
905299	alt_uc	723	7.154942
905299	alt_uc	724	7.1545424
905299	alt_uc	733	7.1509504
905349	alt_uc	44	7.0133576
905349	alt_uc	45	7.0132937
905349	alt_uc	66	7.9558992
905349	alt_uc	67	7.956331
905349	alt_uc	70	7.318342
905349	alt_uc	72	7.3175173
905349	alt_uc	73	7.317105
905349	alt_uc	92	11.08025
905349	alt_uc	93	9.776463
905349	alt_uc	94	7.967959
905349	alt_uc	132	7.984242
905349	alt_uc	185	7.271094
905349	alt_uc	199	8.01269
905349	alt_uc	206	8.015641
905349	alt_uc	207	7.2620964
905349	alt_uc	208	7.261688
905349	alt_uc	215	7.2588277
905349	alt_uc	236	7.2502575
905349	alt_uc	400	8.095957
905349	alt_uc	442	8.112921
905349	alt_uc	446	7.1653953
905349	alt_uc	461	7.159396
905349	alt_uc	593	7.1070023
905349	alt_uc	594	7.106609
905349	alt_uc	599	8.174762
905349	alt_uc	650	7.0846095
905349	alt_uc	659	7.081087
905349	alt_uc	714	8.218383
905351	temp_uc	5	0.3571144
905351	temp_uc	6	0.38152948
905351	temp_uc	7	0.3823148
905351	temp_uc	9	0.36681038
905389	alt_uc	0	24.375
905389	alt_uc	1	19.10997
905389	alt_uc	2	19.107964
905389	alt_uc	3	7.613519
905389	alt_uc	5	8.027865
905389	alt_uc	64	7.2235913
905389	alt_uc	65	7.223186
905389	alt_uc	101	7.208608
905389	alt_uc	108	8.070561
905389	alt_uc	109	8.070971
905389	alt_uc	305	7.1269164
905389	alt_uc	439	7.074211
905389	alt_uc	493	8.221366
905389	alt_uc	494	8.221738
905389	alt_uc	548	8.241605
905389	alt_uc	589	8.256426
905389	alt_uc	590	8.256784
905389	alt_uc	601	8.260721
905389	alt_uc	602	8.261079
905389	alt_uc	603	8.261435
905389	alt_uc	604	8.261791
905389	alt_uc	605	8.262147
905389	alt_uc	606	8.262505
905389	alt_uc	607	8.262862
905389	alt_uc	609	8.263575
905389	alt_uc	610	8.26393
905389	alt_uc	611	8.264286
905389	alt_uc	635	8.272792
905389	alt_uc	648	8.277363
905389	alt_uc	652	8.278769
905389	alt_uc	654	8.279469
905389	alt_uc	655	8.279819
905389	alt_uc	656	8.2801695
905389	alt_uc	657	8.2805195
905389	alt_uc	658	8.28087
905389	alt_uc	670	8.28506
905389	alt_uc	671	8.285408
905389	alt_uc	672	8.285756
905389	alt_uc	688	8.291308
905389	alt_uc	689	8.291654
905389	alt_uc	690	8.292
905389	alt_uc	691	8.292346
905389	alt_uc	692	10.415075
905389	alt_uc	693	8.293039
905389	alt_uc	694	8.293384
905389	alt_uc	695	8.293729
905389	alt_uc	696	8.294073
905389	alt_uc	697	8.294418
905389	alt_uc	698	8.294763
905389	alt_uc	699	8.295108
905389	alt_uc	700	8.295451
905389	alt_uc	701	8.2957945
905389	alt_uc	702	8.296139
905389	alt_uc	703	8.296483
905389	alt_uc	704	8.296826
905389	alt_uc	705	8.297171
905389	alt_uc	706	8.297515
905389	alt_uc	707	8.297856
905389	alt_uc	708	8.2982
905389	alt_uc	709	8.298543
905389	alt_uc	710	8.298885
905389	alt_uc	711	8.299228
905389	alt_uc	712	8.29957
905389	alt_uc	713	8.299913
905389	alt_uc	714	8.300257
905389	alt_uc	715	8.300599
905389	alt_uc	716	8.300941
905389	alt_uc	717	8.301283
905389	alt_uc	718	8.301625
905389	alt_uc	719	8.301966
905389	alt_uc	720	8.302308
905389	alt_uc	721	8.3026495
905389	alt_uc	722	8.302992
905389	alt_uc	723	8.303333
905389	alt_uc	724	8.303675
905389	alt_uc	725	8.304016
905389	alt_uc	726	8.304357
905389	alt_uc	727	8.304698
905389	alt_uc	728	8.305038
905389	alt_uc	729	8.305378
905389	alt_uc	730	8.305718
905389	alt_uc	731	8.306058
905389	alt_uc	732	8.306397
905389	alt_uc	733	8.306737
905389	alt_uc	734	8.307077
905389	alt_uc	735	8.307417
905389	alt_uc	736	8.307756
905389	alt_uc	737	8.308097
905389	alt_uc	738	8.308436
905389	alt_uc	739	8.308776
905389	alt_uc	740	8.309114
905389	alt_uc	741	8.309453
905389	alt_uc	742	8.3097925
905389	alt_uc	743	8.310131
905389	alt_uc	744	8.310469
905389	alt_uc	745	8.310807
905389	alt_uc	746	8.311146
905389	alt_uc	747	8.311482
905389	alt_uc	748	8.311821
905389	alt_uc	749	8.312158
905389	alt_uc	750	8.312494
905389	alt_uc	751	8.312832
905389	alt_uc	752	8.313169
905389	alt_uc	753	8.313504
905389	alt_uc	754	8.313841
905389	alt_uc	755	8.314177
905389	alt_uc	756	8.314513
905389	alt_uc	757	8.314849
905389	alt_uc	758	8.315186
905389	alt_uc	759	8.315521
905389	alt_uc	760	8.315857
905389	alt_uc	761	8.316193
905389	alt_uc	762	8.316527
905389	alt_uc	763	8.316863
905389	alt_uc	764	8.317198
905389	alt_uc	765	8.317533
905389	alt_uc	766	8.317866
905389	alt_uc	767	8.415716
905389	alt_uc	768	8.318537
905389	alt_uc	769	8.3188715
905389	alt_uc	770	8.319206
905389	alt_uc	771	8.319541
905389	alt_uc	772	8.319875
905389	alt_uc	773	8.320209
905389	alt_uc	774	8.320544
905389	alt_uc	775	8.320877
905389	alt_uc	776	8.321211
905389	alt_uc	777	8.321544
905389	alt_uc	778	8.321877
905389	alt_uc	779	8.322208
905391	temp_uc	3	0.35330245
905391	temp_uc	4	0.3648067
905441	temp_uc	406	0.4481535
905441	temp_uc	407	0.46747294
905441	temp_uc	408	0.47318485
905441	temp_uc	409	0.4726708
905441	temp_uc	410	0.42513412
905826	temp_uc	0	0.3761528
905826	temp_uc	5	0.35452047
906155	temp_uc	0	0.49956754
906155	temp_uc	1	0.5558405
906155	temp_uc	2	0.49672014
906155	temp_uc	3	0.48886356
906155	temp_uc	4	0.47772297
906306	temp_uc	1	0.4724965
906306	temp_uc	4	0.56114596
906306	temp_uc	5	0.5714274
906306	temp_uc	6	0.5469386
906306	temp_uc	7	0.56250966
906306	temp_uc	8	0.42792186
906443	temp_uc	0	0.36170226
906443	temp_uc	1	0.3583951
906443	temp_uc	516	0.3605303
906443	temp_uc	517	0.37078822
906443	temp_uc	518	0.46657723
906443	temp_uc	519	0.50389665
906443	temp_uc	520	0.5112674
906443	temp_uc	521	0.508699
906443	temp_uc	522	0.46700984
906580	temp_uc	601	1.3839972
906580	temp_uc	602	1.410411
906580	temp_uc	603	1.4169326
906580	temp_uc	604	1.4090458
906580	temp_uc	605	1.3771173
906744	alt_uc	0	38.502888
906744	alt_uc	1	38.584522
906744	alt_uc	2	38.543682
906987	temp_uc	0	0.7229383
906987	temp_uc	1	0.7316291
906987	temp_uc	2	0.7556383
906987	temp_uc	3	0.7936481
906987	temp_uc	4	0.81762683
906987	temp_uc	5	0.78375304
906987	temp_uc	6	0.73354155
906987	temp_uc	7	0.7324285
906987	temp_uc	8	0.7245909
906987	temp_uc	9	0.6195701
906989	temp_uc	0	0.48303846
906989	temp_uc	1	0.52288955
906989	temp_uc	2	0.522879
906989	temp_uc	3	0.46870637
906989	temp_uc	4	0.5117939
906989	temp_uc	5	0.51977086
906989	temp_uc	6	0.505679
907166	alt_uc	0	9.281911
907166	alt_uc	1	9.558878
907166	alt_uc	2	9.559756
907166	alt_uc	3	8.520426
907166	alt_uc	4	8.519957
907166	alt_uc	5	8.519486
907166	alt_uc	6	8.519017
907166	alt_uc	7	8.518547
907166	alt_uc	8	8.518077
907166	alt_uc	9	8.517607
907166	alt_uc	10	8.517136
907166	alt_uc	11	8.5166645
907166	alt_uc	12	8.516193
907166	alt_uc	13	8.51572
907166	alt_uc	14	8.515251
907166	alt_uc	15	8.514779
907166	alt_uc	16	8.514307
907166	alt_uc	17	8.513835
907166	alt_uc	18	8.513362
907166	alt_uc	19	8.51289
907166	alt_uc	20	8.512418
907166	alt_uc	21	8.511945
907166	alt_uc	22	8.511474
907166	alt_uc	23	8.511002
907166	alt_uc	24	8.510529
907166	alt_uc	25	8.510055
907166	alt_uc	26	8.509582
907166	alt_uc	27	8.5091095
907166	alt_uc	28	8.508636
907166	alt_uc	29	8.508164
907166	alt_uc	30	8.50769
907166	alt_uc	32	8.506742
907166	alt_uc	33	8.506268
907166	alt_uc	34	8.5057955
907166	alt_uc	35	8.50532
907166	alt_uc	36	8.504847
907166	alt_uc	37	8.5043745
907166	alt_uc	38	8.5039
907166	alt_uc	39	8.503424
907166	alt_uc	40	8.502952
907166	alt_uc	44	8.501051
907166	alt_uc	45	8.500576
907166	alt_uc	46	8.500099
907166	alt_uc	47	8.499624
907166	alt_uc	48	8.499148
907166	alt_uc	49	8.498672
907166	alt_uc	50	8.498196
907166	alt_uc	51	8.497721
907166	alt_uc	52	8.497244
907166	alt_uc	53	8.496767
907166	alt_uc	54	8.49629
907166	alt_uc	55	8.495815
907166	alt_uc	56	8.495339
907166	alt_uc	57	8.4948635
907166	alt_uc	58	8.494386
907166	alt_uc	59	8.49391
907166	alt_uc	60	8.493432
907166	alt_uc	61	8.492956
907166	alt_uc	62	8.492479
907166	alt_uc	63	8.492002
907166	alt_uc	64	8.491524
907166	alt_uc	65	8.491045
907166	alt_uc	66	8.490567
907166	alt_uc	67	8.490088
907166	alt_uc	68	8.489611
907166	alt_uc	69	8.489135
907166	alt_uc	70	8.488656
907166	alt_uc	71	8.488179
907166	alt_uc	72	8.4877
907166	alt_uc	75	8.486263
907166	alt_uc	76	8.485783
907166	alt_uc	77	8.485305
907166	alt_uc	78	8.484826
907166	alt_uc	79	8.484347
907166	alt_uc	80	8.483867
907166	alt_uc	81	8.483388
907166	alt_uc	82	8.482908
907166	alt_uc	83	8.482429
907166	alt_uc	84	8.481947
907166	alt_uc	85	8.481467
907166	alt_uc	86	8.480987
907166	alt_uc	87	8.480507
907166	alt_uc	88	8.480025
907166	alt_uc	89	8.479547
907166	alt_uc	90	8.479064
907166	alt_uc	91	8.478583
907166	alt_uc	92	8.478102
907166	alt_uc	93	8.477621
907166	alt_uc	94	8.477139
907166	alt_uc	95	8.476657
907166	alt_uc	96	8.476176
907166	alt_uc	97	8.475695
907166	alt_uc	98	8.475214
907166	alt_uc	99	8.4747305
907166	alt_uc	100	8.474249
907166	alt_uc	101	8.473767
907166	alt_uc	102	8.473284
907166	alt_uc	103	8.472802
907166	alt_uc	104	8.472319
907166	alt_uc	105	8.471835
907166	alt_uc	106	8.471354
907166	alt_uc	107	8.470869
907166	alt_uc	108	8.4703865
907166	alt_uc	109	8.469904
907166	alt_uc	110	8.469421
907166	alt_uc	111	8.468937
907166	alt_uc	112	8.468453
907166	alt_uc	113	8.46797
907166	alt_uc	114	8.467488
907166	alt_uc	116	8.466519
907166	alt_uc	117	8.466036
907166	alt_uc	120	8.464583
907166	alt_uc	121	8.464099
907166	alt_uc	122	8.463615
907166	alt_uc	123	8.463129
907166	alt_uc	125	8.462161
907166	alt_uc	126	8.461677
907166	alt_uc	128	8.460706
907166	alt_uc	382	9.21153
907166	alt_uc	520	9.0876875
907166	alt_uc	521	9.086932
907166	alt_uc	571	8.424241
907166	alt_uc	578	9.043955
907166	alt_uc	579	9.043202
907166	alt_uc	630	9.535022
907166	alt_uc	677	8.969967
907166	alt_uc	678	8.969225
907239	alt_uc	24	9.284132
907239	alt_uc	30	14.223681
907239	alt_uc	31	9.278765
907239	alt_uc	32	9.277997
907239	alt_uc	33	9.277229
907239	alt_uc	34	9.276464
907239	alt_uc	35	9.275699
907239	alt_uc	36	9.274931
907239	alt_uc	57	9.258836
907239	alt_uc	58	9.258067
907239	alt_uc	61	9.255773
907239	alt_uc	77	9.243528
907239	alt_uc	78	9.242759
907239	alt_uc	779	10.064953
879151	temp_uc	1	0.5291971
879151	temp_uc	2	0.4299245
879151	temp_uc	3	0.3649442
879151	temp_uc	4	0.54343957
879151	temp_uc	5	0.5455917
879151	temp_uc	6	0.5260424
879151	temp_uc	7	0.4373673
879261	temp_uc	364	0.43796244
879261	temp_uc	365	0.4525913
879261	temp_uc	366	0.5467526
879261	temp_uc	367	0.5684351
879261	temp_uc	368	0.5716756
879261	temp_uc	369	0.57397264
879261	temp_uc	370	0.52241814
879273	temp_uc	28	0.41395587
879273	temp_uc	29	0.41330835
879273	temp_uc	30	0.5166333
879273	temp_uc	31	0.5720793
879273	temp_uc	32	0.5789876
879273	temp_uc	33	0.57909805
879273	temp_uc	34	0.5654066
879273	temp_uc	35	0.3952992
879273	wzon_uc	0	25.130001
879273	wzon_uc	1	25.115273
879273	wzon_uc	2	25.063925
879273	wzon_uc	3	25.119093
879273	wzon_uc	4	25.11109
879273	wzon_uc	5	25.046322
879273	wzon_uc	6	25.103891
879273	wzon_uc	7	25.029922
879273	wzon_uc	8	24.973322
879273	wzon_uc	9	24.648834
879273	wzon_uc	10	24.71048
879273	wzon_uc	11	24.358696
879273	wzon_uc	12	24.013037
879273	wzon_uc	13	24.018929
879273	wzon_uc	14	23.942749
879275	alt_uc	0	33.327343
879275	alt_uc	3	45.318
879620	alt_uc	3	62.24729
879620	temp_uc	1	0.36659676
879620	temp_uc	3	0.39251906
879710	temp_uc	1	0.3731697
879710	temp_uc	3	0.37500104
879710	temp_uc	4	0.38301465
879730	alt_uc	0	49.921597
879730	alt_uc	2	21.62895
879730	alt_uc	4	21.620739
879730	alt_uc	6	21.61663
879730	alt_uc	7	21.624834
879244	alt_uc	2	25.924465
879298	temp_uc	262	0.34269235
879298	temp_uc	263	0.34517926
879298	temp_uc	264	0.34507123
879298	temp_uc	265	0.34066582
879300	alt_uc	0	36.99351
879300	alt_uc	1	24.797684
879300	alt_uc	2	36.99965
879300	alt_uc	5	34.01114
879300	alt_uc	7	24.800806
879300	alt_uc	10	48.86302
879312	alt_uc	0	35.60808
879312	alt_uc	1	25.861832
879312	alt_uc	2	23.87997
879312	alt_uc	3	23.88658
879312	alt_uc	4	23.883272
879314	temp_uc	1	0.40187854
879314	temp_uc	2	0.45791328
879314	temp_uc	3	0.47772187
879314	temp_uc	4	0.43931347
879314	temp_uc	5	0.4470684
879314	temp_uc	6	0.3709255
879316	alt_uc	0	26.75824
879320	alt_uc	0	27.145296
879320	alt_uc	1	25.371355
879320	alt_uc	2	15.050527
879322	temp_uc	0	0.39580965
879322	temp_uc	1	0.3936945
879334	temp_uc	298	0.34285167
879334	temp_uc	299	0.34987208
879334	temp_uc	300	0.35559362
879334	temp_uc	301	0.42898127
879334	temp_uc	302	0.4226352
879334	temp_uc	303	0.41152063
879334	temp_uc	304	0.43122715
879334	temp_uc	305	0.42901242
879334	temp_uc	306	0.42431617
879334	temp_uc	307	0.4126971
879388	temp_uc	260	0.3347759
879388	temp_uc	261	0.36066267
879388	temp_uc	262	0.40392905
879388	temp_uc	263	0.3999266
879388	temp_uc	264	0.4034463
879388	temp_uc	265	0.4050319
879388	temp_uc	266	0.3734616
879392	temp_uc	0	0.50080884
879392	temp_uc	1	0.5686268
879392	temp_uc	2	0.5067268
879392	temp_uc	3	0.50183016
879392	temp_uc	4	0.4952326
879396	temp_uc	3	0.43348998
879396	temp_uc	4	0.43820348
879396	temp_uc	5	0.43972117
879396	temp_uc	6	0.43636358
879410	alt_uc	0	30.14419
879410	alt_uc	1	30.285051
879412	alt_uc	5	16.285677
879412	alt_uc	6	16.282953
879412	alt_uc	75	16.09451
879412	alt_uc	84	16.069862
879412	alt_uc	85	16.067123
879420	alt_uc	0	128.49539
879490	temp_uc	395	0.31980735
879490	temp_uc	396	0.34148887
879490	temp_uc	397	0.34280014
879490	temp_uc	398	0.33637795
879492	alt_uc	0	29.460453
879496	alt_uc	0	26.74324
879500	alt_uc	0	1210.4106
879500	alt_uc	2	123.758545
879506	temp_uc	0	0.54503816
879506	temp_uc	1	0.67931163
879506	temp_uc	2	0.6380499
879506	temp_uc	3	0.6401803
879506	temp_uc	4	0.63693774
879506	temp_uc	5	0.46641853
879577	alt_uc	0	13.243493
879579	temp_uc	9	0.30726844
879581	alt_uc	0	49.92053
879581	alt_uc	656	18.323776
879583	alt_uc	2	99.50303
879583	alt_uc	12	65.98091
879583	temp_uc	5	0.39368472
879583	temp_uc	9	0.40320212
879583	temp_uc	11	0.39859024
879593	alt_uc	5	28.633423
879595	temp_uc	0	0.35116985
879595	temp_uc	1	0.3621773
879595	temp_uc	2	0.35150382
879595	temp_uc	3	0.34938008
895869	temp_uc	0	0.7322221
895869	temp_uc	1	0.9413164
895869	temp_uc	2	0.87144685
895869	temp_uc	3	0.85845035
895869	temp_uc	4	0.8397152
895869	temp_uc	5	0.58525634
895869	temp_uc	6	0.5183219
895869	temp_uc	7	0.5058675
895869	temp_uc	8	0.34634498
895877	temp_uc	1	0.40456158
895877	temp_uc	2	0.40013313
895877	temp_uc	3	0.37536544
895877	temp_uc	4	0.35651833
895881	alt_uc	2	123.1957
895901	temp_uc	201	0.33598334
895901	temp_uc	202	0.3627506
895901	temp_uc	203	0.37547287
895901	temp_uc	204	0.38910803
895901	temp_uc	205	0.37346715
895903	alt_uc	0	15.278828
895907	alt_uc	0	57.344437
895907	alt_uc	4	11.694215
895907	alt_uc	11	11.607482
895907	alt_uc	68	11.514127
895907	alt_uc	69	11.512491
895907	alt_uc	378	11.43924
895907	alt_uc	717	17.615782
895907	alt_uc	718	17.611578
895911	alt_uc	479	17.629385
895911	alt_uc	826	16.21259
895950	temp_uc	258	0.3239439
895950	temp_uc	259	0.32723466
895950	temp_uc	260	0.31816864
895950	temp_uc	261	0.31077695
895960	alt_uc	0	50.650307
895978	alt_uc	0	132.10583
895978	alt_uc	3	132.29607
895986	temp_uc	466	0.50671417
895986	temp_uc	467	0.508899
895986	temp_uc	468	0.74977607
895986	temp_uc	469	0.8164258
895986	temp_uc	470	0.8137048
895986	temp_uc	471	0.80791336
895986	temp_uc	472	0.7808414
895986	temp_uc	473	0.50180966
895986	temp_uc	474	0.5137444
895986	temp_uc	475	0.36107913
896036	temp_uc	1	0.4383728
896036	temp_uc	2	0.4454867
896036	temp_uc	3	0.41620716
896073	temp_uc	342	0.36996326
896073	temp_uc	343	0.37077957
896327	temp_uc	3	0.3427848
896327	temp_uc	4	0.35302004
896327	temp_uc	5	0.35154307
896327	temp_uc	6	0.34215787
896327	temp_uc	268	0.3284351
896327	temp_uc	275	0.33548635
896327	temp_uc	276	0.33663264
896327	temp_uc	277	0.33686164
896327	temp_uc	278	0.33161485
896339	alt_uc	0	44.08818
896339	alt_uc	1	44.08471
896339	temp_uc	1	0.31028208
896339	temp_uc	325	0.30529028
896339	temp_uc	326	0.3076989
896341	alt_uc	13	45.18332
896347	alt_uc	0	42.93428
896347	alt_uc	1	27.934359
896347	alt_uc	2	29.264055
896347	alt_uc	4	27.935507
896380	temp_uc	1	0.38223362
896380	temp_uc	2	0.39121813
896380	temp_uc	3	0.39223436
896380	temp_uc	5	0.3941123
896384	temp_uc	0	0.3594282
896384	temp_uc	1	0.34739387
896384	temp_uc	2	0.3392108
896384	temp_uc	3	0.46377996
896384	temp_uc	4	0.4331029
896384	temp_uc	5	0.40989485
896384	temp_uc	6	0.42129228
896384	temp_uc	7	0.37166095
896384	temp_uc	8	0.3874963
896384	temp_uc	9	0.3841604
896384	temp_uc	10	0.37843516
896384	temp_uc	11	0.36638913
896384	temp_uc	24	0.32620996
896388	alt_uc	0	61.90313
896408	alt_uc	59	13.931439
896408	alt_uc	60	13.928747
896408	alt_uc	62	13.923368
896408	alt_uc	63	13.920679
896408	alt_uc	65	13.9152975
896408	alt_uc	66	13.912606
896408	alt_uc	67	13.909915
896408	alt_uc	68	13.907226
896408	alt_uc	69	13.904538
896408	alt_uc	70	13.901851
896408	alt_uc	71	13.899163
896408	alt_uc	72	13.896477
896408	alt_uc	73	13.893788
896408	alt_uc	74	13.8911
896408	alt_uc	75	13.888412
896408	alt_uc	76	13.885726
896408	alt_uc	80	13.874978
896408	alt_uc	82	13.869607
896408	alt_uc	98	13.826676
896408	alt_uc	173	13.626378
896408	alt_uc	174	13.623719
896408	alt_uc	179	13.610432
896408	alt_uc	180	13.607775
896408	alt_uc	181	13.605119
896408	alt_uc	182	13.602462
896408	alt_uc	183	13.599805
896408	alt_uc	184	13.59715
896408	alt_uc	185	13.594494
896408	alt_uc	186	13.591839
896408	alt_uc	187	13.589183
896408	alt_uc	188	13.58653
896408	alt_uc	189	13.583874
896408	alt_uc	190	13.58122
896408	alt_uc	191	13.578567
896408	alt_uc	192	13.575913
896408	alt_uc	193	13.57326
896408	alt_uc	194	13.570607
896408	alt_uc	195	13.567956
896408	alt_uc	196	13.565305
896408	alt_uc	197	13.562654
896408	alt_uc	198	13.560001
896408	alt_uc	199	13.557349
896408	alt_uc	200	13.554698
896408	alt_uc	201	13.552048
896408	alt_uc	332	13.20818
896408	alt_uc	333	13.205585
896408	alt_uc	431	12.953489
896408	alt_uc	432	12.950941
896408	alt_uc	466	12.864674
896408	alt_uc	467	12.862146
896408	alt_uc	611	12.504108
896408	alt_uc	708	11.879924
896110	temp_uc	0	0.87912536
896110	temp_uc	1	0.89792454
896110	temp_uc	2	0.76597434
896110	temp_uc	3	0.7513021
896110	temp_uc	4	0.73151696
896110	temp_uc	5	0.4073997
896110	temp_uc	6	0.41361713
896112	alt_uc	670	16.488329
896112	alt_uc	671	16.501213
896112	alt_uc	672	16.50227
896167	temp_uc	41	0.42769852
896167	temp_uc	42	0.4406612
896167	temp_uc	43	0.4430041
896167	temp_uc	44	0.4422215
896222	temp_uc	0	0.45170373
896222	temp_uc	1	0.3905785
896222	temp_uc	2	0.43314332
896222	temp_uc	3	0.38725197
896222	temp_uc	4	0.3779024
896226	temp_uc	1	0.452489
896226	temp_uc	2	0.41901505
896226	temp_uc	3	0.46743682
896226	temp_uc	4	0.47195342
896226	temp_uc	5	0.43682897
896230	temp_uc	0	0.48373786
896230	temp_uc	1	0.62096447
896230	temp_uc	2	0.5701598
896230	temp_uc	3	0.5711192
896230	temp_uc	4	0.56904644
896230	temp_uc	5	0.41242287
896238	temp_uc	1	0.46535227
896238	temp_uc	2	0.5772052
896238	temp_uc	3	0.4074513
896238	temp_uc	4	0.5899216
896238	temp_uc	5	0.5904564
896238	temp_uc	6	0.5884176
896238	temp_uc	7	0.5586257
896246	alt_uc	534	50.14004
896246	temp_uc	154	0.35181633
896246	temp_uc	155	0.4011974
896246	temp_uc	156	0.40557784
896246	temp_uc	157	0.3737893
896258	temp_uc	0	0.42963684
896258	temp_uc	1	0.50546247
896258	temp_uc	2	0.47940725
896258	temp_uc	3	0.47964945
896258	temp_uc	4	0.48068088
896258	temp_uc	5	0.39178354
896262	temp_uc	2	0.37165815
896262	temp_uc	4	0.37532848
896262	temp_uc	6	0.37530458
896266	temp_uc	571	0.44206384
896266	temp_uc	572	0.441554
896266	temp_uc	573	0.44692028
896266	temp_uc	574	0.45300618
896266	temp_uc	575	0.45375937
896266	temp_uc	576	0.4515985
896270	temp_uc	0	0.51277626
896270	temp_uc	1	0.60570073
896270	temp_uc	2	0.5383897
896270	temp_uc	3	0.52590674
896270	temp_uc	4	0.35280725
896270	temp_uc	5	0.535374
896301	temp_uc	323	0.31428358
896301	temp_uc	324	0.37702686
896301	temp_uc	325	0.40006793
896301	temp_uc	326	0.402145
896301	temp_uc	327	0.3960589
896301	temp_uc	328	0.37872896
896301	temp_uc	329	0.3928963
896301	temp_uc	330	0.39518726
896301	temp_uc	331	0.36845773
896301	temp_uc	332	0.3670301
896301	temp_uc	333	0.37118605
896301	temp_uc	334	0.3698993
896301	temp_uc	335	0.3594892
896313	temp_uc	1	0.39200205
896313	temp_uc	2	0.38527188
896313	temp_uc	3	0.36226034
896355	temp_uc	0	0.45356387
896355	temp_uc	1	0.47155455
896355	temp_uc	2	0.5168669
896355	temp_uc	3	0.52398276
896355	temp_uc	4	0.52510613
896355	temp_uc	5	0.5321705
896355	temp_uc	6	0.3838484
896355	temp_uc	7	0.3851473
896359	temp_uc	1	0.50178254
896359	temp_uc	2	0.44779724
896359	temp_uc	3	0.50609404
896359	temp_uc	4	0.506273
896359	temp_uc	5	0.46809897
896359	temp_uc	6	0.38321126
896359	temp_uc	7	0.36239955
896537	alt_uc	0	15.158545
896537	alt_uc	1	15.163879
896537	alt_uc	2	15.161204
896539	temp_uc	1	0.49233654
896539	temp_uc	2	0.4800103
896539	temp_uc	3	0.46320117
896539	temp_uc	4	0.4649124
896539	temp_uc	6	0.52626055
896539	temp_uc	25	0.3382319
896539	temp_uc	26	0.33700454
896539	temp_uc	27	0.39900786
896539	temp_uc	28	0.42248896
896539	temp_uc	29	0.42810136
896539	temp_uc	30	0.42993337
896539	temp_uc	31	0.41296288
896541	alt_uc	0	16.222366
896541	alt_uc	128	11.235323
896541	alt_uc	187	16.185478
896541	alt_uc	300	16.502913
896541	alt_uc	392	11.203981
896541	alt_uc	409	11.235222
896541	alt_uc	418	11.251804
896541	alt_uc	422	11.259183
896541	alt_uc	430	11.273961
896541	alt_uc	431	11.27581
896541	alt_uc	445	11.301729
896541	alt_uc	450	16.916075
896541	alt_uc	454	11.318432
896541	alt_uc	458	11.325864
896541	alt_uc	478	11.363105
896541	alt_uc	479	11.364971
896541	alt_uc	482	11.37057
896541	alt_uc	486	11.378043
896541	alt_uc	488	11.381779
896541	alt_uc	489	11.942185
896541	alt_uc	490	11.385518
896541	alt_uc	491	11.387388
896541	alt_uc	492	11.389258
896541	alt_uc	494	11.393002
896541	alt_uc	495	11.394872
896541	alt_uc	496	11.396743
896541	alt_uc	497	17.042542
896541	alt_uc	498	11.400487
896541	alt_uc	499	11.962797
896541	alt_uc	500	11.404231
896541	alt_uc	501	11.406103
896541	alt_uc	502	11.407978
896541	alt_uc	503	11.409852
896541	alt_uc	504	11.411727
896541	alt_uc	505	11.975191
896541	alt_uc	506	11.415476
896541	alt_uc	507	11.417349
896541	alt_uc	510	11.422977
896541	alt_uc	511	11.424853
896541	alt_uc	517	11.436119
896541	alt_uc	542	12.052038
896541	alt_uc	543	12.054128
896541	alt_uc	546	11.490736
896541	alt_uc	547	11.492625
896541	alt_uc	548	11.4945135
896541	alt_uc	551	11.50018
896541	alt_uc	552	11.502069
896541	alt_uc	563	11.522875
896541	alt_uc	571	11.538033
896541	alt_uc	573	11.541824
896541	alt_uc	574	12.119087
896541	alt_uc	578	11.551312
896541	alt_uc	579	11.553209
896541	alt_uc	580	11.555109
896541	alt_uc	581	17.387804
896541	alt_uc	588	11.570306
896541	alt_uc	589	11.572207
896541	alt_uc	607	11.606483
896541	alt_uc	629	11.648509
896541	alt_uc	638	11.665741
896541	alt_uc	639	11.667658
896541	alt_uc	640	11.669574
896541	alt_uc	641	11.671491
896541	alt_uc	644	11.677241
896541	alt_uc	645	11.679162
896541	alt_uc	646	11.681077
896541	alt_uc	647	11.682996
896541	alt_uc	684	11.754159
896541	alt_uc	685	11.756088
896541	alt_uc	688	11.761875
896541	alt_uc	689	11.763805
896543	temp_uc	12	0.3323068
896543	temp_uc	13	0.34077308
896545	alt_uc	0	17.603682
896545	alt_uc	145	16.359894
896545	alt_uc	335	16.88727
896545	alt_uc	464	18.695564
896545	alt_uc	556	17.467867
896545	alt_uc	603	17.58441
896545	alt_uc	708	17.833282
896559	alt_uc	0	28.740673
896559	alt_uc	1	26.46288
896559	alt_uc	5	26.469038
896565	alt_uc	1	29.657871
896565	alt_uc	2	29.654331
896565	alt_uc	3	27.842243
896565	alt_uc	4	29.6614
896565	alt_uc	7	39.514027
896565	alt_uc	443	17.2773
896573	alt_uc	0	31.281057
896573	alt_uc	1	31.28248
896573	alt_uc	2	30.036514
896573	alt_uc	3	30.039505
896573	alt_uc	5	30.037996
896577	alt_uc	0	30.127417
896577	alt_uc	2	30.12864
896420	temp_uc	416	0.3402982
896420	temp_uc	417	0.33353722
896424	temp_uc	1	0.30447477
896424	temp_uc	2	0.31517476
896424	temp_uc	3	0.31067038
896424	temp_uc	5	0.31533608
896440	temp_uc	0	0.35929352
896440	temp_uc	2	0.34930697
896440	temp_uc	3	0.35868758
896440	temp_uc	4	0.36059994
896440	temp_uc	5	0.36229372
896447	alt_uc	8	72.01117
896451	alt_uc	0	35.684612
896451	alt_uc	2	35.68154
896451	temp_uc	1	0.4273788
896451	temp_uc	2	0.429686
896451	temp_uc	3	0.5759224
896451	temp_uc	4	0.6709794
896451	temp_uc	5	0.6778771
896451	temp_uc	6	0.6803861
896451	temp_uc	7	0.63720465
896451	temp_uc	8	0.45426127
896451	temp_uc	9	0.46474043
896451	temp_uc	10	0.40299422
896455	alt_uc	0	27.942644
896455	alt_uc	1	34.82771
896455	alt_uc	2	34.593143
896455	alt_uc	5	34.823486
896455	temp_uc	2	0.3670982
896455	temp_uc	3	0.3849343
896455	temp_uc	4	0.38424125
896455	temp_uc	6	0.3797252
896455	temp_uc	7	0.38338274
896461	alt_uc	0	955.98645
896470	temp_uc	0	0.4220471
896470	temp_uc	2	0.4387102
896482	temp_uc	275	0.36025748
896482	temp_uc	276	0.4010015
896482	temp_uc	277	0.45108366
896482	temp_uc	278	0.4521344
896482	temp_uc	279	0.4522049
896482	temp_uc	280	0.44995794
896482	temp_uc	281	0.38399714
900860	alt_uc	419	18.31541
900860	alt_uc	508	11.759537
900860	temp_uc	207	0.31889406
900860	temp_uc	208	0.34139648
900860	temp_uc	209	0.33942398
900860	temp_uc	210	0.33905333
900860	temp_uc	211	0.34506857
900860	temp_uc	219	0.31009674
900860	temp_uc	220	0.3174214
900860	temp_uc	221	0.31486025
900860	temp_uc	222	0.31578144
900860	temp_uc	223	0.3110573
900862	alt_uc	13	157.26868
900864	alt_uc	0	13.214938
900864	alt_uc	3	13.212041
900864	temp_uc	1	0.45214328
900864	temp_uc	2	0.45677403
900864	temp_uc	3	0.4252592
900864	temp_uc	4	0.4569553
900864	temp_uc	5	0.44603324
900868	alt_uc	304	18.94019
900868	alt_uc	381	30.85263
900868	alt_uc	402	17.881617
900868	alt_uc	603	17.528946
900872	alt_uc	0	16.607145
900872	alt_uc	360	24.930607
900872	alt_uc	406	17.618504
900872	alt_uc	416	17.599995
900872	alt_uc	417	19.302994
900884	temp_uc	0	0.46456817
900884	temp_uc	1	0.5924058
900884	temp_uc	2	0.5582727
900884	temp_uc	3	0.6011469
900884	temp_uc	4	0.60138464
900884	temp_uc	5	0.56056046
900918	alt_uc	0	88.62768
900918	alt_uc	2	88.71645
900922	alt_uc	7	112.02325
900922	alt_uc	11	112.0789
900936	temp_uc	338	0.39377114
900936	temp_uc	339	0.4032189
900936	temp_uc	340	0.54534173
900936	temp_uc	341	0.58888364
900936	temp_uc	342	0.59204817
900936	temp_uc	343	0.5851653
900936	temp_uc	344	0.57557
900936	temp_uc	345	0.39336812
900936	temp_uc	346	0.3948966
900944	alt_uc	0	24.681807
900944	alt_uc	1	24.664314
900944	alt_uc	2	50.259796
900944	alt_uc	3	30.082092
900986	alt_uc	3	203.14275
900986	alt_uc	4	32.434765
900986	alt_uc	6	32.449776
900986	alt_uc	7	54.705597
900990	alt_uc	0	33.594692
900990	alt_uc	1	33.562386
900990	alt_uc	2	33.578526
900990	alt_uc	3	33.514057
900990	alt_uc	4	33.54626
900990	alt_uc	5	33.49798
900990	alt_uc	6	26.669325
900990	alt_uc	7	265.33282
900990	alt_uc	8	19.730385
900990	alt_uc	305	18.289253
900992	temp_uc	3	0.33228326
900992	temp_uc	4	0.35055807
900992	temp_uc	5	0.34498703
900992	temp_uc	6	0.3453843
900992	temp_uc	7	0.33787027
900992	temp_uc	18	0.32106572
900992	temp_uc	19	0.32193032
900994	alt_uc	0	27.924227
900994	alt_uc	1	17.609823
900994	alt_uc	2	16.992699
900994	alt_uc	3	15.71926
900994	alt_uc	48	15.652383
900994	alt_uc	49	15.650842
900994	alt_uc	50	15.6493
900994	alt_uc	66	16.88195
900998	alt_uc	0	16.867546
900998	alt_uc	1	16.702278
900998	alt_uc	19	15.432369
900998	alt_uc	30	15.411953
900998	alt_uc	31	15.410085
900998	alt_uc	36	15.400718
900998	alt_uc	411	14.5828085
900998	alt_uc	412	14.580388
900998	alt_uc	413	14.577967
900998	alt_uc	414	14.575542
900998	alt_uc	417	14.56827
900998	alt_uc	418	14.565844
900998	alt_uc	419	14.563417
900998	alt_uc	436	14.522016
900998	alt_uc	437	14.519574
900998	alt_uc	443	14.504899
900998	alt_uc	444	15.588669
900998	alt_uc	445	15.585835
900998	alt_uc	446	15.583001
900998	alt_uc	447	15.580166
900998	alt_uc	448	15.577331
901024	temp_uc	281	0.45037517
901024	temp_uc	282	0.46224472
901024	temp_uc	283	0.5038991
901024	temp_uc	284	0.48255813
901024	temp_uc	285	0.5019806
901024	temp_uc	286	0.47482985
901024	temp_uc	287	0.4751088
901024	temp_uc	288	0.37447762
901024	temp_uc	289	0.36989307
901037	temp_uc	1	0.3864775
901037	temp_uc	2	0.39262056
901037	temp_uc	3	0.3960467
901037	temp_uc	4	0.39801177
921908	alt_uc	0	39.409653
921908	alt_uc	1	39.387142
921920	alt_uc	225	15.446714
921920	alt_uc	226	15.444646
921920	alt_uc	227	15.4425745
921920	alt_uc	228	15.440502
921920	alt_uc	229	15.43843
921920	alt_uc	230	15.436352
921920	alt_uc	231	15.434276
921920	alt_uc	232	15.432194
921920	alt_uc	233	15.430114
921920	alt_uc	255	15.383882
921920	alt_uc	256	15.381759
921920	alt_uc	351	15.172608
921920	alt_uc	421	16.22285
921920	alt_uc	422	16.220083
921922	temp_uc	0	0.40689334
921922	temp_uc	1	0.45654625
921922	temp_uc	2	0.41602993
921922	temp_uc	3	0.41474408
921922	temp_uc	4	0.4089816
921932	alt_uc	0	42.49075
921932	alt_uc	6	33.86697
921932	alt_uc	7	33.858566
921932	alt_uc	11	50.464096
921942	temp_uc	0	0.3559828
921942	temp_uc	1	0.3935322
921942	temp_uc	2	0.41249317
921942	temp_uc	3	0.39783403
921942	temp_uc	4	0.39765313
921946	temp_uc	5	0.39880395
921946	temp_uc	6	0.3945009
921948	alt_uc	2	92.54746
921950	temp_uc	1	0.32004887
921950	temp_uc	2	0.34071538
921950	temp_uc	4	0.34873807
921950	temp_uc	5	0.31650323
922005	alt_uc	0	13.03147
922005	alt_uc	20	11.346047
922005	alt_uc	21	11.344495
922005	alt_uc	26	11.336735
922005	alt_uc	27	11.335182
922005	alt_uc	28	11.3336315
922005	alt_uc	29	11.332078
922005	alt_uc	30	11.330527
922005	alt_uc	31	11.328977
922005	alt_uc	32	11.327426
922005	alt_uc	33	11.325874
922005	alt_uc	34	11.324323
922005	alt_uc	35	11.322771
922005	alt_uc	36	11.321219
922005	alt_uc	37	11.319668
922005	alt_uc	38	11.318116
922005	alt_uc	39	11.316568
922005	alt_uc	40	11.315017
922005	alt_uc	68	11.271628
922005	alt_uc	69	11.27008
922005	alt_uc	70	11.26853
922005	alt_uc	71	11.266982
922005	alt_uc	269	10.962615
922005	alt_uc	270	11.513997
922005	alt_uc	402	10.761364
922005	alt_uc	403	10.759862
922005	alt_uc	404	10.758363
922005	alt_uc	406	10.7553625
922005	alt_uc	407	10.753861
922005	alt_uc	411	10.79169
922005	alt_uc	432	10.618877
922005	alt_uc	433	10.619574
922005	alt_uc	438	10.623042
922005	alt_uc	439	10.623735
922005	alt_uc	444	10.6271925
922005	alt_uc	447	10.629261
922005	alt_uc	450	10.650782
922005	alt_uc	463	10.64023
922005	alt_uc	468	10.643636
922005	alt_uc	471	10.645671
922005	alt_uc	477	10.649732
922005	alt_uc	482	10.653098
922005	alt_uc	489	10.657795
922005	alt_uc	490	10.658464
922005	alt_uc	494	10.661136
922005	alt_uc	496	10.662469
922005	alt_uc	497	10.663135
922005	alt_uc	499	10.664465
922005	alt_uc	570	10.710405
922005	alt_uc	571	10.711035
922005	alt_uc	589	10.722262
922005	alt_uc	601	10.729653
922005	alt_uc	602	10.730267
922005	alt_uc	603	10.730878
922005	alt_uc	604	10.73149
922005	alt_uc	633	18.265577
922005	alt_uc	638	10.960383
922005	alt_uc	639	10.754311
922005	alt_uc	640	10.753218
922005	alt_uc	641	10.752127
922005	alt_uc	642	10.751035
922005	alt_uc	643	10.749943
922005	alt_uc	644	27.3765
922005	alt_uc	645	10.747757
922005	alt_uc	646	10.746664
922005	alt_uc	647	10.997722
922005	alt_uc	648	10.74448
922005	alt_uc	649	10.74339
922005	alt_uc	719	17.91016
922005	alt_uc	720	10.822638
922009	alt_uc	312	20.703833
922009	alt_uc	318	20.68642
922009	alt_uc	336	20.633856
922009	alt_uc	337	20.630922
922009	alt_uc	344	20.610352
922009	alt_uc	345	20.607412
922009	alt_uc	501	18.421719
922009	alt_uc	503	18.446339
922009	alt_uc	539	35.584984
922009	alt_uc	540	33.721203
922009	alt_uc	541	27.373394
922009	alt_uc	543	27.363964
922009	alt_uc	544	27.359236
922009	rh_uc	90	4.961714
922009	rh_uc	167	5.363936
922009	rh_uc	168	5.4349694
922009	rh_uc	169	6.916311
922009	rh_uc	170	7.3913302
922009	rh_uc	171	7.574152
922009	rh_uc	172	7.6068807
922009	rh_uc	173	7.0475574
922013	alt_uc	206	19.232119
922013	alt_uc	207	19.22783
922013	alt_uc	307	18.798096
922013	alt_uc	355	18.591713
922013	alt_uc	442	27.326069
922013	alt_uc	443	27.32132
922021	alt_uc	531	33.62101
922025	alt_uc	292	14.343738
922025	alt_uc	293	14.340436
922025	alt_uc	294	14.337133
922025	alt_uc	295	14.3836155
922025	alt_uc	297	14.377255
922025	alt_uc	298	14.323935
922025	alt_uc	299	14.370896
922025	alt_uc	300	14.367719
922025	alt_uc	301	14.314045
922025	alt_uc	457	20.282574
922029	alt_uc	149	15.442872
922029	alt_uc	150	15.439203
922033	alt_uc	37	15.185544
922033	alt_uc	38	15.182208
922033	temp_uc	44	0.3651389
922033	temp_uc	45	0.39173844
922033	temp_uc	46	0.3931355
922033	temp_uc	47	0.390047
922033	temp_uc	48	0.36546424
922045	alt_uc	2	39.7574
922045	temp_uc	0	0.370792
922045	temp_uc	1	0.3450112
922045	temp_uc	2	0.38348344
922045	temp_uc	3	0.34971482
922045	temp_uc	4	0.33933657
922076	alt_uc	0	75.68672
922076	alt_uc	1	44.034363
922082	alt_uc	0	37.315506
922082	alt_uc	1	14.634026
922082	alt_uc	2	15.183478
922082	alt_uc	3	37.345066
922082	alt_uc	4	36.469204
922082	alt_uc	5	13.369987
922082	alt_uc	129	13.994977
922082	alt_uc	130	13.640575
922086	alt_uc	0	14.222187
922086	alt_uc	65	14.306384
922090	alt_uc	0	50.338375
922090	alt_uc	2	50.366528
922104	temp_uc	5	0.34727043
922104	temp_uc	7	0.38827896
922104	temp_uc	8	0.3970878
922104	temp_uc	9	0.4215659
922104	temp_uc	10	0.42963925
922104	temp_uc	11	0.41336364
922112	temp_uc	1	0.4640059
922112	temp_uc	2	0.40439966
922112	temp_uc	3	0.37791938
922112	temp_uc	4	0.35955217
922116	temp_uc	1	0.500152
922116	temp_uc	2	0.46138886
922116	temp_uc	3	0.49873024
922116	temp_uc	4	0.43290293
922116	temp_uc	5	0.38163844
922189	temp_uc	4	0.3597413
922189	temp_uc	5	0.36701468
922189	temp_uc	7	0.35562378
922197	temp_uc	2	0.36653626
922197	temp_uc	4	0.39794117
922197	temp_uc	5	0.40496767
922197	temp_uc	6	0.39676976
922197	temp_uc	7	0.3666362
922203	alt_uc	0	28.620369
922207	alt_uc	0	285.28885
922209	temp_uc	1	0.65951484
922209	temp_uc	2	0.8302308
922209	temp_uc	3	0.8460772
922209	temp_uc	4	0.8014631
922209	temp_uc	5	0.8121507
922209	temp_uc	6	0.6724612
922209	temp_uc	7	0.37319046
922209	temp_uc	8	0.33456773
922219	alt_uc	0	28.482704
922219	alt_uc	4	28.481907
922219	alt_uc	6	28.481098
922219	alt_uc	200	19.056463
922219	alt_uc	202	19.058
922219	alt_uc	208	19.062576
922219	alt_uc	209	19.063332
922219	alt_uc	213	20.36105
922219	alt_uc	214	20.361946
922269	temp_uc	0	0.33402404
922269	temp_uc	1	0.5876157
922269	temp_uc	2	0.66170025
922269	temp_uc	3	0.74066037
922269	temp_uc	4	0.68743515
922269	temp_uc	5	0.73109615
922269	temp_uc	6	0.7364495
922269	temp_uc	7	0.74080366
922269	temp_uc	8	0.5835606
922269	temp_uc	9	0.31440505
922269	temp_uc	10	0.3188683
922269	temp_uc	271	0.30316675
922269	temp_uc	272	0.30624348
922269	temp_uc	273	0.3896611
922269	temp_uc	274	0.4260047
922269	temp_uc	275	0.4262828
922269	temp_uc	276	0.41656652
922269	temp_uc	277	0.40188366
922269	temp_uc	278	0.30439276
922269	temp_uc	279	0.30445892
922291	alt_uc	0	27.789774
922291	alt_uc	2	27.782684
922291	alt_uc	84	13.686056
922291	alt_uc	85	13.684616
922291	alt_uc	146	13.595008
922291	alt_uc	147	13.593512
922291	alt_uc	149	13.590513
922291	alt_uc	150	13.589013
922291	alt_uc	151	13.587513
922291	alt_uc	156	13.579998
922291	alt_uc	157	13.578492
922291	alt_uc	158	13.576987
922291	alt_uc	159	13.575479
922291	alt_uc	160	13.573971
922291	alt_uc	161	13.572463
922291	alt_uc	162	13.570952
922291	alt_uc	163	13.569441
922291	alt_uc	319	13.324151
922291	alt_uc	320	13.322525
922291	alt_uc	322	13.319267
922291	alt_uc	323	13.31764
922291	alt_uc	348	13.276709
922291	alt_uc	349	13.275063
922291	alt_uc	519	12.987053
922291	alt_uc	520	12.985315
922291	alt_uc	521	12.983579
922291	alt_uc	532	12.96443
922291	alt_uc	549	12.934748
922291	alt_uc	550	12.933
922291	alt_uc	551	12.931249
922291	alt_uc	552	12.929501
922291	alt_uc	553	12.927752
922291	alt_uc	692	12.681074
922291	alt_uc	694	12.6774845
922291	alt_uc	695	12.675689
922291	alt_uc	696	12.673894
922291	alt_uc	709	12.650532
922291	alt_uc	732	12.984281
922291	alt_uc	733	12.607299
922291	alt_uc	734	12.605494
922291	alt_uc	735	12.603689
922291	alt_uc	736	12.601885
922291	alt_uc	759	12.560327
922291	alt_uc	760	12.558516
922291	alt_uc	813	12.46237
922291	alt_uc	815	12.458732
922291	alt_uc	816	12.456913
922291	alt_uc	817	12.455094
922291	alt_uc	818	12.453276
922291	alt_uc	819	12.451457
922291	alt_uc	820	12.449639
922291	alt_uc	821	12.447819
922291	alt_uc	822	12.445999
922291	alt_uc	823	12.44418
922291	alt_uc	824	12.48858
922291	alt_uc	825	12.440539
922291	alt_uc	826	12.438719
922291	alt_uc	827	12.436897
922291	alt_uc	828	12.435077
922291	alt_uc	829	12.433255
922291	alt_uc	830	12.431437
922291	alt_uc	831	17.102985
922291	alt_uc	832	17.100693
922325	alt_uc	17	236.43831
922460	temp_uc	41	0.36173853
922460	temp_uc	42	0.3576931
922460	temp_uc	43	0.35437664
922460	temp_uc	44	0.35377464
858021	temp_uc	345	0.27102274
858021	temp_uc	346	0.2976657
858021	temp_uc	347	0.30059633
858021	temp_uc	348	0.29518583
858021	temp_uc	349	0.2723159
860766	temp_uc	0	0.45641702
860766	temp_uc	1	0.46284783
860766	temp_uc	2	0.38735506
860766	temp_uc	3	0.378846
860766	temp_uc	4	0.37482357
860948	temp_uc	209	0.40766272
860948	temp_uc	210	0.44097388
860948	temp_uc	211	0.45363852
860948	temp_uc	212	0.45553616
860948	temp_uc	213	0.42687565
865282	temp_uc	0	0.28472027
865282	temp_uc	1	0.26334184
866177	temp_uc	173	0.32576987
866177	temp_uc	174	0.37071133
866177	temp_uc	175	0.4789015
866177	temp_uc	176	0.5151649
866177	temp_uc	177	0.512273
866177	temp_uc	178	0.5106186
866177	temp_uc	179	0.42298225
866822	temp_uc	330	0.37027046
866822	temp_uc	331	0.4391671
866822	temp_uc	332	0.47773996
866822	temp_uc	333	0.48867756
866822	temp_uc	334	0.4150334
874658	temp_uc	12	0.3183689
874658	temp_uc	13	0.32326105
874658	temp_uc	14	0.3407502
874658	temp_uc	15	0.34081316
874658	temp_uc	16	0.33741498
874658	temp_uc	17	0.2879805
874658	temp_uc	18	0.29335874
876471	alt_uc	1	41.920944
877105	alt_uc	731	28.614138
878431	alt_uc	605	28.980013
878548	alt_uc	684	28.43555
878548	alt_uc	685	28.432684
878548	alt_uc	694	28.40661
878548	alt_uc	695	28.403683
878548	alt_uc	696	28.40075
878548	alt_uc	697	28.397806
878600	alt_uc	47	13.48641
878600	alt_uc	48	13.511811
878600	alt_uc	61	13.460217
878600	alt_uc	93	13.400401
878600	alt_uc	97	13.392925
878600	alt_uc	98	12.171296
878600	alt_uc	107	13.374241
878600	alt_uc	156	12.2659445
878600	alt_uc	221	12.372284
878600	alt_uc	229	12.385384
878600	alt_uc	248	12.416508
878600	alt_uc	277	12.464027
878600	alt_uc	285	12.477137
878600	alt_uc	343	12.572173
878600	alt_uc	344	12.573811
878600	alt_uc	345	12.857045
878600	alt_uc	346	13.63393
878600	alt_uc	347	12.629231
878600	alt_uc	348	12.580366
878600	alt_uc	349	12.582003
878600	alt_uc	350	12.58364
878600	alt_uc	351	12.585278
878600	alt_uc	352	12.586917
878600	alt_uc	353	12.588554
878600	alt_uc	354	12.590192
878600	alt_uc	355	12.591832
878600	alt_uc	356	12.87249
878600	alt_uc	357	12.873895
878600	alt_uc	365	12.639394
878600	alt_uc	366	12.684904
878600	alt_uc	420	12.6981945
878600	alt_uc	432	12.717804
878600	alt_uc	433	12.719436
878600	alt_uc	434	12.721068
878600	alt_uc	435	12.722701
878600	alt_uc	436	12.984697
878600	alt_uc	437	12.986096
878600	alt_uc	438	12.7276
878600	alt_uc	439	12.729233
878600	alt_uc	440	12.730866
878600	alt_uc	441	12.732498
878600	alt_uc	442	12.734131
878600	alt_uc	443	12.7357645
878600	alt_uc	444	12.737396
878600	alt_uc	445	12.739029
878600	alt_uc	446	12.740661
878600	alt_uc	447	12.742294
878600	alt_uc	448	12.743926
878600	alt_uc	449	12.745557
878600	alt_uc	517	12.856309
878600	alt_uc	518	12.857933
878600	alt_uc	519	12.859556
878600	alt_uc	520	12.86118
878600	alt_uc	521	12.862803
878600	alt_uc	522	12.8644285
878600	alt_uc	523	12.866054
878600	alt_uc	524	12.867677
878600	alt_uc	525	12.8693
878600	alt_uc	526	12.870923
878600	alt_uc	527	12.872546
878600	alt_uc	528	12.874171
878600	alt_uc	529	12.875794
878600	alt_uc	530	12.877416
878600	alt_uc	531	12.87904
878600	alt_uc	532	12.880663
878600	alt_uc	533	12.882284
878600	alt_uc	534	12.883907
878600	alt_uc	535	12.88553
878600	alt_uc	602	12.993866
878600	alt_uc	613	13.017986
878600	alt_uc	614	13.019529
878600	alt_uc	628	12.21692
878626	alt_uc	47	13.48641
878626	alt_uc	48	13.511811
878626	alt_uc	61	13.460219
878626	alt_uc	93	13.400401
878626	alt_uc	97	13.392925
878626	alt_uc	98	12.171296
878626	alt_uc	107	13.374241
878626	alt_uc	156	12.2659445
878626	alt_uc	221	12.372284
878626	alt_uc	229	12.385384
878626	alt_uc	248	12.416508
878626	alt_uc	277	12.464027
878626	alt_uc	285	12.477137
878626	alt_uc	343	12.572173
878626	alt_uc	344	12.573811
878626	alt_uc	345	12.857045
878626	alt_uc	346	13.63393
878626	alt_uc	347	12.629231
878626	alt_uc	348	12.580363
878626	alt_uc	349	12.582003
878626	alt_uc	350	12.58364
878626	alt_uc	351	12.585278
878626	alt_uc	352	12.586917
878626	alt_uc	353	12.588554
878626	alt_uc	354	12.590192
878626	alt_uc	355	12.591832
878626	alt_uc	356	12.87249
878626	alt_uc	357	12.873895
878626	alt_uc	365	12.639394
878626	alt_uc	366	12.684904
878626	alt_uc	420	12.6981945
878626	alt_uc	432	12.717803
878626	alt_uc	433	12.719436
878626	alt_uc	434	12.721068
878626	alt_uc	435	12.722701
878626	alt_uc	436	12.984697
878626	alt_uc	437	12.986096
878626	alt_uc	438	12.7276
878626	alt_uc	439	12.729233
878626	alt_uc	440	12.730866
878626	alt_uc	441	12.732498
878626	alt_uc	442	12.734131
878626	alt_uc	443	12.735763
878626	alt_uc	444	12.737396
878626	alt_uc	445	12.739029
878626	alt_uc	446	12.740661
878626	alt_uc	447	12.742294
878626	alt_uc	448	12.743926
878626	alt_uc	449	12.745557
878626	alt_uc	517	12.856309
878626	alt_uc	518	12.857933
878626	alt_uc	519	12.859556
878626	alt_uc	520	12.861179
878626	alt_uc	521	12.862803
878626	alt_uc	522	12.8644285
878626	alt_uc	523	12.866054
878626	alt_uc	524	12.867676
878626	alt_uc	525	12.8693
878626	alt_uc	526	12.870923
878626	alt_uc	527	12.872546
878626	alt_uc	528	12.874171
878626	alt_uc	529	12.875794
878626	alt_uc	530	12.877416
878626	alt_uc	531	12.87904
878626	alt_uc	532	12.880663
878626	alt_uc	533	12.882284
878626	alt_uc	534	12.883907
878626	alt_uc	535	12.8855295
878626	alt_uc	602	12.993866
878626	alt_uc	613	13.017986
878626	alt_uc	614	13.019529
878626	alt_uc	628	12.21692
883863	alt_uc	438	24.12704
883863	alt_uc	603	24.398445
884004	alt_uc	111	15.480759
884004	alt_uc	112	15.478085
884004	alt_uc	113	15.47541
884004	alt_uc	114	15.472737
884004	alt_uc	127	15.437967
884004	alt_uc	174	15.312252
884004	alt_uc	184	15.285517
884004	alt_uc	185	15.282845
884004	alt_uc	343	14.8622265
884004	alt_uc	344	14.859579
884004	alt_uc	345	14.856933
884004	alt_uc	346	14.854289
884004	alt_uc	347	14.851644
884004	alt_uc	348	14.849002
884004	alt_uc	354	14.833132
884004	alt_uc	355	14.830488
884004	alt_uc	356	14.827843
884004	alt_uc	357	14.825197
884004	alt_uc	358	14.822555
884004	alt_uc	359	14.81991
884004	alt_uc	365	14.804054
884004	alt_uc	366	14.801414
884004	alt_uc	376	14.775007
884004	alt_uc	377	14.772369
884004	alt_uc	378	14.769731
884004	alt_uc	386	14.748623
884004	alt_uc	387	14.745987
884078	alt_uc	1	17.00082
884013	alt_uc	93	14.878715
884013	alt_uc	94	14.876069
884013	alt_uc	155	14.715132
884013	alt_uc	156	14.7125025
884013	alt_uc	157	14.709871
884013	alt_uc	256	14.937754
884013	alt_uc	257	14.934946
884013	alt_uc	354	14.198582
884013	alt_uc	355	14.196025
884013	alt_uc	377	14.139879
884013	alt_uc	378	14.137333
884013	alt_uc	492	12.110167
884013	alt_uc	493	12.11162
884013	alt_uc	554	13.696264
884013	alt_uc	555	13.693801
884013	alt_uc	556	13.691339
884013	alt_uc	557	13.688877
884013	alt_uc	623	13.954387
884013	alt_uc	624	12.809535
884013	alt_uc	627	12.815007
884013	alt_uc	645	12.33392
884013	alt_uc	662	13.433506
884013	alt_uc	667	12.366298
884013	alt_uc	674	13.825588
884013	alt_uc	696	12.941889
884013	alt_uc	697	12.943742
884013	alt_uc	700	13.760692
884013	alt_uc	711	12.388336
884013	alt_uc	726	12.414853
884013	alt_uc	736	12.432564
884013	alt_uc	749	12.455629
884013	alt_uc	764	12.953982
884013	alt_uc	766	12.485852
884013	alt_uc	779	12.509011
884013	alt_uc	780	12.510795
884013	alt_uc	783	12.918298
890360	temp_uc	6	0.324513
890360	temp_uc	7	0.3684812
890360	temp_uc	8	0.36501807
890360	temp_uc	9	0.3449685
892406	theta_v_uc	37	0.35415852
892406	theta_v_uc	38	0.3545847
892744	theta_v_uc	4	0.37605208
892744	theta_v_uc	5	0.39562845
892744	theta_v_uc	6	0.39566788
892744	theta_v_uc	7	0.39565536
892744	theta_v_uc	8	0.38562936
893744	theta_v_uc	4	0.4245015
893744	theta_v_uc	5	0.44634447
893744	theta_v_uc	6	0.4418224
893744	theta_v_uc	7	0.44264302
893744	theta_v_uc	8	0.43912143
896889	temp_uc	0	0.42256126
896889	temp_uc	1	0.43190315
896889	temp_uc	2	0.38122013
896889	temp_uc	3	0.41475525
896889	temp_uc	4	0.47646528
896889	temp_uc	5	0.4359843
896889	temp_uc	6	0.46222755
896889	temp_uc	7	0.4161688
896889	temp_uc	8	0.39821398
896889	temp_uc	9	0.40027276
896889	temp_uc	10	0.3575668
896889	temp_uc	11	0.21180543
896889	temp_uc	12	0.21694309
897045	theta_v_uc	4	0.4284841
897045	theta_v_uc	5	0.5044727
897045	theta_v_uc	6	0.519744
897045	theta_v_uc	7	0.52294606
897045	theta_v_uc	8	0.4894526
902249	alt_uc	1	71.72025
902249	alt_uc	2	37.339058
902249	alt_uc	13	49.077423
902249	alt_uc	21	26.24041
902249	alt_uc	23	26.238592
902249	alt_uc	31	29.992693
902249	alt_uc	32	26.220322
902249	alt_uc	43	26.19997
902249	alt_uc	44	48.209885
902249	alt_uc	51	48.018684
902249	alt_uc	52	26.1831
902249	alt_uc	99	26.09207
903728	temp_uc	150	0.316499
903728	temp_uc	151	0.3140256
903728	temp_uc	152	0.42523307
903728	temp_uc	153	0.47494555
903728	temp_uc	154	0.48977858
903728	temp_uc	155	0.48608503
903728	temp_uc	156	0.4053601
903899	temp_uc	131	0.32791087
903899	temp_uc	132	0.32563102
903986	temp_uc	152	0.6773398
903986	temp_uc	153	0.824501
903986	temp_uc	154	0.66377133
903986	temp_uc	155	0.93422896
903986	temp_uc	156	0.96362966
903986	temp_uc	157	0.9567
903986	temp_uc	158	0.4993148
903986	temp_uc	159	0.94190955
903986	temp_uc	165	0.38922265
904132	temp_uc	73	0.57147604
904132	temp_uc	74	0.57499444
904132	temp_uc	75	0.6123522
904132	temp_uc	76	0.74996537
904132	temp_uc	77	0.8569692
904132	temp_uc	78	0.8850614
904132	temp_uc	79	0.54505455
904132	temp_uc	80	0.86838394
904132	temp_uc	82	0.35914293
904337	alt_uc	7	2773.7651
904899	alt_uc	6	757.25934
905062	temp_uc	35	0.31355152
905062	temp_uc	36	0.31117043
905307	temp_uc	163	0.3951273
905307	temp_uc	164	0.42386732
905307	temp_uc	165	0.46472457
905307	temp_uc	166	0.4703921
905307	temp_uc	167	0.51772875
905307	temp_uc	168	0.54006743
905307	temp_uc	169	0.48540387
905503	alt_uc	35	459.48938
905503	alt_uc	41	470.87097
905503	alt_uc	70	553.1615
905637	alt_uc	17	385.40067
905637	alt_uc	18	386.9936
905749	alt_uc	1	24.789064
905749	alt_uc	2	24.784868
905749	alt_uc	3	14.362028
905749	alt_uc	4	15.82459
905749	alt_uc	5	15.828549
905749	alt_uc	6	15.115448
905749	alt_uc	9	14.448405
905749	alt_uc	11	13.912851
905749	alt_uc	15	13.924315
905749	alt_uc	16	14.46775
905749	alt_uc	17	20.14194
905749	alt_uc	18	18.881071
905749	alt_uc	19	14.773358
905749	alt_uc	20	14.770578
905749	alt_uc	21	14.767799
905749	alt_uc	22	20.085087
905749	alt_uc	23	20.089012
905749	alt_uc	26	61.502884
905749	alt_uc	27	20.115448
905749	alt_uc	28	18.925465
905749	alt_uc	29	61.49802
905749	alt_uc	30	14.382018
905749	alt_uc	31	18.855595
905749	alt_uc	32	20.10066
905749	alt_uc	33	18.853758
905749	alt_uc	34	23.520603
905749	alt_uc	35	23.524466
905749	alt_uc	36	23.528332
905749	alt_uc	37	61.456898
905749	alt_uc	38	20.147947
905749	alt_uc	41	18.839003
905749	alt_uc	42	18.837147
905749	alt_uc	43	14.281357
905749	alt_uc	44	61.417587
905749	alt_uc	45	18.89415
905749	alt_uc	46	14.698609
905749	alt_uc	47	18.882103
905749	alt_uc	49	18.824108
905749	alt_uc	50	18.822239
905749	alt_uc	51	14.0282345
905749	alt_uc	52	14.031141
905749	alt_uc	57	14.253113
905749	alt_uc	58	14.251096
905749	alt_uc	60	14.054427
905749	alt_uc	61	18.947363
905749	alt_uc	62	18.950687
905749	alt_uc	68	14.638229
905749	alt_uc	69	14.635495
905749	alt_uc	70	23.659231
905749	alt_uc	71	18.980589
905749	alt_uc	72	14.6272955
905749	alt_uc	73	14.624566
905749	alt_uc	74	14.21883
905749	alt_uc	75	14.216814
905749	alt_uc	83	14.200687
905749	alt_uc	84	14.198672
905749	alt_uc	87	14.133501
905749	alt_uc	88	19.037035
905749	alt_uc	100	14.166422
905749	alt_uc	101	14.164407
905749	alt_uc	105	14.1866255
905749	alt_uc	106	14.189586
905749	alt_uc	107	14.152316
905749	alt_uc	108	14.150302
905749	alt_uc	109	14.148288
905749	alt_uc	110	14.146273
905749	alt_uc	116	19.129826
905749	alt_uc	117	14.222227
905749	alt_uc	145	14.075799
905749	alt_uc	146	14.073789
905749	alt_uc	147	14.071778
905749	alt_uc	148	14.069767
905749	alt_uc	157	14.051668
905749	alt_uc	158	14.049656
905749	alt_uc	168	14.029556
905749	alt_uc	169	14.027547
905749	alt_uc	235	14.579892
905749	alt_uc	236	14.582981
905749	alt_uc	240	13.885254
905749	alt_uc	241	13.883254
905749	alt_uc	247	14.617022
905749	alt_uc	248	14.620123
905749	alt_uc	249	13.867272
905749	alt_uc	250	13.865275
905749	alt_uc	251	13.863279
905749	alt_uc	263	13.839338
905749	alt_uc	264	13.837343
905749	alt_uc	265	13.835349
905749	alt_uc	273	13.8194065
905749	alt_uc	274	13.817411
905749	alt_uc	275	13.815418
905749	alt_uc	276	13.813425
905749	alt_uc	278	13.809441
905749	alt_uc	279	13.80745
905749	alt_uc	288	13.789536
905749	alt_uc	289	13.787546
905749	alt_uc	298	13.76965
905749	alt_uc	299	13.767663
905749	alt_uc	309	13.747801
905749	alt_uc	310	13.745815
905749	alt_uc	311	13.743832
905749	alt_uc	319	13.72796
905749	alt_uc	320	13.725979
905749	alt_uc	329	14.874374
905749	alt_uc	330	14.87755
905749	alt_uc	331	13.704181
905749	alt_uc	332	13.702201
905749	alt_uc	356	14.960449
905749	alt_uc	357	14.963652
905749	alt_uc	407	15.124797
905749	alt_uc	408	15.12804
905749	alt_uc	409	15.131285
905749	alt_uc	410	15.134529
905749	alt_uc	412	15.1410265
905749	alt_uc	413	15.144274
905749	alt_uc	440	13.489858
905749	alt_uc	441	13.487906
905749	alt_uc	517	15.486322
905749	alt_uc	518	15.48965
905749	alt_uc	525	9.285874
905749	alt_uc	526	13.3231735
905749	alt_uc	543	15.573061
905749	alt_uc	550	13.2770605
905749	alt_uc	551	9.294925
905749	alt_uc	572	15.670342
905749	alt_uc	582	15.704008
905749	alt_uc	622	15.839296
905749	alt_uc	626	15.852874
905749	alt_uc	632	9.322454
905749	alt_uc	633	13.119173
905749	alt_uc	640	15.900468
905749	alt_uc	641	15.903872
905749	alt_uc	642	15.907274
905749	alt_uc	643	15.910678
905749	alt_uc	666	13.057107
905749	alt_uc	667	13.055233
905749	alt_uc	670	16.00278
905749	alt_uc	671	16.006199
905749	alt_uc	681	13.029035
905749	alt_uc	682	13.027165
905749	alt_uc	683	13.025298
905749	alt_uc	684	9.339558
905749	alt_uc	685	13.021565
905749	alt_uc	707	16.129538
905749	alt_uc	708	16.132969
905749	alt_uc	709	16.136404
905749	alt_uc	747	16.26715
905749	alt_uc	748	16.270596
905808	alt_uc	8	24.423738
905808	alt_uc	9	24.427307
905808	alt_uc	10	50.571262
905808	alt_uc	11	67.32714
905808	alt_uc	12	21.10752
905808	alt_uc	19	24.46291
905808	alt_uc	20	58.43127
905808	alt_uc	21	58.955536
905808	alt_uc	22	21.146952
905808	alt_uc	24	18.336506
905808	alt_uc	25	33.485455
905808	alt_uc	26	33.498158
905808	alt_uc	27	18.32972
905808	alt_uc	29	24.498318
905808	alt_uc	30	24.501846
905808	alt_uc	31	18.3161
905808	alt_uc	32	58.224228
905808	alt_uc	33	58.205177
905808	alt_uc	34	18.313822
905808	alt_uc	37	21.206068
905808	alt_uc	38	19.75949
905808	alt_uc	40	19.246294
905808	alt_uc	41	18.297869
905808	alt_uc	42	18.295588
905808	alt_uc	43	33.71523
905808	alt_uc	44	19.781952
905808	alt_uc	45	57.9736
905808	alt_uc	51	19.801168
905808	alt_uc	52	19.80437
905808	alt_uc	54	18.265768
905808	alt_uc	56	18.263462
905808	alt_uc	57	18.26116
905808	alt_uc	64	18.245003
905808	alt_uc	67	24.630959
905808	alt_uc	68	19.855455
905808	alt_uc	79	19.890453
905808	alt_uc	114	15.043544
905808	alt_uc	115	15.046769
905808	alt_uc	234	15.436548
905808	alt_uc	241	15.45982
905808	alt_uc	336	15.778927
905808	alt_uc	337	15.782316
905808	alt_uc	386	15.949055
905808	alt_uc	387	15.952473
905808	alt_uc	433	16.110115
905808	alt_uc	451	16.172047
905808	alt_uc	468	16.230646
905808	alt_uc	470	16.237545
905808	alt_uc	471	16.240997
905808	alt_uc	498	16.334305
905808	alt_uc	499	16.33776
905808	alt_uc	543	16.490187
905808	alt_uc	550	16.514473
905808	alt_uc	551	16.517942
905808	alt_uc	558	16.542238
905808	alt_uc	559	16.54571
905808	alt_uc	560	16.54918
905808	alt_uc	569	16.58043
905808	alt_uc	594	16.667284
905808	alt_uc	595	16.67076
905808	alt_uc	597	16.67771
905808	alt_uc	598	16.681185
905808	alt_uc	599	16.684656
905808	alt_uc	600	16.68813
905808	alt_uc	613	16.733315
905808	alt_uc	614	16.73679
905808	alt_uc	673	16.941765
905808	alt_uc	674	16.945234
905808	alt_uc	675	16.948706
905808	alt_uc	676	16.952177
905808	alt_uc	677	16.955647
905808	alt_uc	678	16.959118
905808	alt_uc	679	16.962585
905808	alt_uc	680	16.966055
905808	alt_uc	681	16.969524
905808	alt_uc	683	16.976458
905808	alt_uc	684	16.979925
905808	alt_uc	685	16.983395
905808	alt_uc	686	16.986862
905808	alt_uc	687	16.990328
905808	alt_uc	706	17.056173
905808	alt_uc	707	17.059637
905808	alt_uc	709	17.06656
905808	alt_uc	710	17.070023
905808	alt_uc	711	17.07348
905808	alt_uc	712	17.076946
905808	alt_uc	721	17.10808
905808	alt_uc	761	17.246113
905808	alt_uc	762	17.249554
905808	alt_uc	782	17.318312
905808	alt_uc	783	17.321741
905808	alt_uc	800	17.380003
905808	alt_uc	801	17.383427
905808	alt_uc	802	17.386848
905808	alt_uc	803	17.390268
905808	alt_uc	804	17.393692
905930	alt_uc	0	20.053768
905930	alt_uc	5	20.321081
905930	alt_uc	6	21.517227
905930	alt_uc	7	37.614216
905930	alt_uc	12	25.131407
905930	alt_uc	13	39.176006
905930	alt_uc	14	36.11652
905930	alt_uc	16	54.086723
905930	alt_uc	17	54.313072
905930	alt_uc	18	21.95284
905930	alt_uc	22	36.216244
905930	alt_uc	23	36.230526
905930	alt_uc	24	53.892952
905930	alt_uc	25	20.381315
905930	alt_uc	35	20.41122
905930	alt_uc	38	53.551777
905930	alt_uc	39	25.212051
905930	alt_uc	44	22.052275
905930	alt_uc	45	25.232555
905930	alt_uc	46	20.440979
905930	alt_uc	47	25.235474
905930	alt_uc	52	20.461733
905930	alt_uc	65	20.500072
905930	alt_uc	66	20.503012
905930	alt_uc	118	20.653585
905930	alt_uc	119	20.656435
905930	alt_uc	130	20.687662
905930	alt_uc	131	20.69049
905930	alt_uc	211	25.660517
905983	temp_uc	146	0.2703708
905983	temp_uc	147	0.2947907
906011	alt_uc	18	1458.5461
906451	temp_uc	216	0.37263083
906451	temp_uc	217	0.39507496
906451	temp_uc	218	0.39512882
906451	temp_uc	219	0.39449978
906451	temp_uc	220	0.38068497
906981	alt_uc	4	840.66284
906998	temp_uc	46	0.3781341
906998	temp_uc	47	0.48220843
906998	temp_uc	48	0.54109645
906998	temp_uc	49	0.770748
906998	temp_uc	50	0.8240977
906998	temp_uc	51	0.83381337
906998	temp_uc	52	0.81484747
906998	temp_uc	53	0.6814865
906998	temp_uc	54	0.4240273
906998	temp_uc	55	0.43886352
907055	temp_uc	20	0.44065428
907055	temp_uc	21	0.50489587
907055	temp_uc	22	0.4798573
907055	temp_uc	23	0.637956
907055	temp_uc	24	0.73105305
907055	temp_uc	25	0.7615847
907055	temp_uc	26	0.77303565
907055	temp_uc	27	0.60421145
907055	temp_uc	28	0.36323527
907075	alt_uc	13	72.673744
907075	alt_uc	14	72.668686
907075	alt_uc	25	72.620224
907075	alt_uc	27	72.61319
907075	alt_uc	47	72.47123
907075	alt_uc	49	72.46055
907075	alt_uc	55	72.36749
907075	alt_uc	56	72.37984
907075	alt_uc	63	72.27494
907075	alt_uc	64	72.28875
907075	alt_uc	77	72.02558
907075	alt_uc	99	71.55571
907075	alt_uc	100	71.53371
907075	alt_uc	153	70.05107
907075	alt_uc	155	70.019485
907094	temp_uc	17	0.36481267
